1	0 195
5	196 602
6	799 636
7	1436 609
8	2046 654
9	2701 636
10	3338 613
12	3952 583
13	4536 606
14	5143 669
17	5813 640
19	6454 650
20	7105 620
21	7726 615
22	8342 618
23	8961 618
24	9580 618
25	10199 615
26	10815 609
27	11425 620
28	12046 624
30	12671 636
31	13308 619
32	13928 606
34	14535 612
36	15148 665
38	15814 608
39	16423 351
41	16775 653
42	17429 638
43	18068 554
44	18623 621
45	19245 664
46	19910 617
47	20528 649
48	21178 634
49	21813 622
50	22436 642
51	23079 635
52	23715 645
53	24361 639
55	25001 618
56	25620 616
57	26237 603
58	26841 637
59	27479 610
60	28090 658
61	28749 615
62	29365 611
64	29977 536
65	30514 606
67	31121 636
68	31758 621
69	32380 606
71	32987 607
73	33595 654
74	34250 606
79	34857 612
80	35470 640
81	36111 610
82	36722 653
83	37376 649
84	38026 616
87	38643 606
89	39250 275
90	39526 292
92	39819 636
93	40456 619
95	41076 269
96	41346 291
97	41638 647
100	42286 607
102	42894 615
104	43510 642
105	44153 664
106	44818 616
107	45435 622
108	46058 617
109	46676 621
112	47298 641
115	47940 640
116	48581 619
117	49201 641
119	49843 637
121	50481 615
123	51097 612
124	51710 641
125	52352 628
126	52981 661
127	53643 641
128	54285 651
129	54937 628
130	55566 655
131	56222 643
132	56866 641
133	57508 643
134	58152 637
135	58790 617
137	59408 614
138	60023 603
139	60627 607
140	61235 610
141	61846 618
142	62465 626
143	63092 618
144	63711 641
146	64353 583
147	64937 639
149	65577 624
150	66202 606
151	66809 620
152	67430 641
153	68072 618
154	68691 620
155	69312 617
157	69930 617
158	70548 648
160	71197 626
161	71824 641
162	72466 649
163	73116 649
165	73766 607
170	74374 600
171	74975 611
172	75587 618
173	76206 626
174	76833 619
175	77453 622
177	78076 583
178	78660 641
180	79302 610
182	79913 621
183	80535 607
184	81143 641
186	81785 614
188	82400 624
189	83025 641
194	83667 601
195	84269 611
196	84881 619
197	85501 628
198	86130 620
199	86751 617
201	87369 585
202	87955 639
204	88595 623
205	89219 605
206	89825 641
208	90467 615
210	91083 624
212	91708 689
214	92398 626
215	93025 640
226	93666 602
228	94269 582
230	94852 618
231	95471 618
232	96090 604
233	96695 612
234	97308 619
235	97928 626
236	98555 619
237	99175 615
239	99791 622
240	100414 607
241	101022 640
242	101663 640
244	102304 612
245	102917 612
249	103530 628
250	104159 640
255	104800 602
256	105403 615
257	106019 619
258	106639 628
259	107268 619
260	107888 616
262	108505 582
263	109088 640
265	109729 622
266	110352 603
267	110956 640
269	111597 611
271	112209 620
273	112830 628
274	113459 640
276	114100 610
281	114711 602
282	115314 613
283	115928 619
284	116548 630
285	117179 620
286	117800 617
287	118418 640
289	119059 582
290	119642 674
293	120317 621
294	120939 607
297	121547 640
299	122188 663
301	122852 655
303	123508 612
306	124121 628
307	124750 639
308	125390 656
309	126047 631
310	126679 648
311	127328 643
312	127972 647
313	128620 635
314	129256 650
315	129907 644
316	130552 648
317	131201 646
318	131848 622
320	132471 618
321	133090 615
322	133706 604
323	134311 613
324	134925 614
325	135540 629
326	136170 619
327	136790 648
329	137439 582
331	138022 608
332	138631 640
334	139272 629
336	139902 622
337	140525 606
338	141132 643
339	141776 640
341	142417 609
343	143027 628
344	143656 640
349	144297 600
350	144898 612
351	145511 619
352	146131 632
353	146764 621
354	147386 623
356	148010 584
357	148595 640
360	149236 621
361	149858 605
362	150464 640
367	151105 608
369	151714 627
370	152342 640
373	152983 598
375	153582 583
380	154166 622
381	154789 621
382	155411 620
384	156032 602
385	156635 614
386	157250 619
387	157870 629
388	158500 619
389	159120 648
390	159769 641
392	160411 622
393	161034 605
394	161640 641
396	162282 671
397	162954 595
399	163550 620
401	164171 658
403	164830 614
405	165445 629
407	166075 641
409	166717 645
410	167363 642
411	168006 674
412	168681 654
413	169336 631
414	169968 633
415	170602 633
416	171236 645
417	171882 644
418	172527 673
419	173201 609
421	173811 615
422	174427 619
423	175047 601
424	175649 613
425	176263 619
426	176883 629
427	177513 617
428	178131 673
430	178805 584
431	179390 641
433	180032 623
434	180656 604
435	181261 641
438	181903 617
440	182521 625
441	183147 641
442	183789 637
448	184427 600
449	185028 614
450	185643 614
451	186258 626
452	186885 623
453	187509 635
455	188145 583
456	188729 641
457	189371 631
459	190003 621
460	190625 603
461	191229 641
465	191871 625
467	192497 642
468	193140 641
470	193782 584
472	194367 643
473	195011 641
475	195653 626
476	196280 603
477	196884 641
479	197526 621
481	198148 606
483	198755 608
484	199364 641
489	200006 619
490	200626 678
491	201305 623
492	201929 639
493	202569 653
494	203223 639
495	203863 622
496	204486 641
497	205128 645
498	205774 630
499	206405 643
500	207049 640
501	207690 4316
502	212007 5460
503	217468 3016
504	220485 2748
505	223234 3741
506	226976 2123
507	229100 4007
508	233108 13138
509	246247 2514
510	248762 1918
511	250681 3622
512	254304 3865
513	258170 3875
514	262046 1896
515	263943 5438
516	269382 6876
517	276259 2508
518	278768 4582
519	283351 6976
520	290328 1503
521	291832 2484
522	294317 2673
523	296991 814
524	297806 5361
525	303168 269
526	303438 838
527	304277 3577
528	307855 5926
529	313782 1238
530	315021 1385
531	316407 3687
532	320095 4583
533	324679 2387
534	327067 2203
535	329271 3777
536	333049 4061
537	337111 929
538	338041 2938
539	340980 1140
540	342121 1784
541	343906 2003
542	345910 3127
543	349038 7144
544	356183 8613
545	364797 3967
546	368765 3998
547	372764 4628
548	377393 3904
549	381298 4631
550	385930 1158
551	387089 4217
552	391307 2709
553	394017 1717
554	395735 1079
555	396815 4041
556	400857 3877
557	404735 2891
558	407627 1291
559	408919 3167
560	412087 7692
561	419780 19075
562	438856 2198
563	441055 3786
564	444842 1648
565	446491 4254
566	450746 5122
567	455869 8855
568	464725 3145
569	467871 13378
570	481250 3746
572	484997 6376
573	491374 8712
574	500087 5769
575	505857 2168
576	508026 4976
577	513003 1215
578	514219 3865
579	518085 6366
580	524452 1666
581	526119 3441
582	529561 2807
583	532369 6294
584	538664 5397
585	544062 1808
586	545871 6756
587	552628 3675
588	556304 10436
589	566741 6982
590	573724 4564
591	578289 3526
592	581816 6454
593	588271 9640
594	597912 1594
595	599507 2779
596	602287 2402
597	604690 4561
598	609252 8715
599	617968 1587
600	619556 4817
601	624374 3332
602	627707 3683
603	631391 6349
604	637741 1480
605	639222 2677
606	641900 2086
607	643987 3101
608	647089 1595
609	648685 8507
610	657193 3496
611	660690 3383
612	664074 1358
613	665433 7908
614	673342 8192
615	681535 8629
616	690165 5678
617	695844 7411
618	703256 7074
619	710331 5483
620	715815 1787
621	717603 6416
622	724020 9028
623	733049 3856
625	736906 2719
626	739626 2389
627	742016 3853
628	745870 4801
629	750672 4254
630	754927 3239
631	758167 7044
632	765212 8567
633	773780 8480
634	782261 2788
635	785050 637
636	785688 4181
637	789870 8127
638	797998 8328
639	806327 5399
641	811727 7589
642	819317 6633
643	825951 3453
644	829405 2890
645	832296 1050
646	833347 3044
647	836392 10591
648	846984 7554
649	854539 7607
650	862147 1031
651	863179 2959
652	866139 1784
653	867924 8018
654	875943 6932
655	882876 4052
656	886929 1022
657	887952 9570
658	897523 9621
659	907145 2696
660	909842 3784
661	913627 5681
662	919309 14773
663	934083 3035
664	937119 4446
665	941566 7882
666	949449 6489
667	955939 2497
668	958437 3856
669	962294 3791
670	966086 1849
671	967936 3376
672	971313 5068
673	976382 2230
674	978613 1096
675	979710 1353
676	981064 3985
677	985050 980
678	986031 3476
679	989508 3290
680	992799 3665
681	996465 3266
682	999732 2454
683	1002187 976
684	1003164 1251
685	1004416 8056
686	1012473 7002
687	1019476 4473
688	1023950 7287
689	1031238 985
690	1032224 3319
691	1035544 9060
692	1044605 2137
693	1046743 6285
694	1053029 6276
695	1059306 1132
696	1060439 820
697	1061260 6790
698	1068051 3571
699	1071623 2670
700	1074294 1013
701	1075308 1965
702	1077274 3130
703	1080405 2447
704	1082853 7783
705	1090637 2660
706	1093298 2011
707	1095310 6214
708	1101525 4242
709	1105768 4362
710	1110131 3831
711	1113963 6884
712	1120848 3601
713	1124450 3281
714	1127732 4621
715	1132354 5263
716	1137618 4440
717	1142059 3416
718	1145476 4118
719	1149595 1136
720	1150732 7944
721	1158677 4568
722	1163246 4386
723	1167633 4371
724	1172005 4083
725	1176089 5561
726	1181651 7795
727	1189447 2343
728	1191791 2124
729	1193916 2947
730	1196864 2941
731	1199806 4611
732	1204418 5426
733	1209845 3165
734	1213011 4085
735	1217097 5457
736	1222555 4679
737	1227235 5115
738	1232351 2487
739	1234839 2725
740	1237565 2965
741	1240531 8259
742	1248791 1225
743	1250017 767
745	1250785 4145
746	1254931 3341
747	1258273 1541
748	1259815 9946
749	1269762 3065
750	1272828 8752
751	1281581 3960
752	1285542 5242
753	1290785 4929
754	1295715 8581
755	1304297 4794
756	1309092 3917
757	1313010 518
758	1313529 4683
759	1318213 4391
760	1322605 3811
761	1326417 5822
762	1332240 7214
763	1339455 6466
764	1345922 2570
765	1348493 3357
766	1351851 964
767	1352816 22908
768	1375725 18578
769	1394304 2580
770	1396885 8474
771	1405360 1643
772	1407004 2391
773	1409396 7133
774	1416530 3336
775	1419867 11011
776	1430879 2872
777	1433752 3508
778	1437261 3219
779	1440481 4833
780	1445315 7262
781	1452578 6900
782	1459479 6189
783	1465669 1071
784	1466741 2782
785	1469524 3443
786	1472968 1043
787	1474012 2434
788	1476447 1550
789	1477998 6341
790	1484340 13622
791	1497963 2094
792	1500058 12950
793	1513009 6467
794	1519477 2875
795	1522353 5029
796	1527383 1960
797	1529344 9042
798	1538387 6561
799	1544949 2477
800	1547427 6443
801	1553871 3163
802	1557035 1568
803	1558604 3113
804	1561718 1303
805	1563022 1343
806	1564366 2068
807	1566435 2113
808	1568549 3111
809	1571661 1438
810	1573100 4426
811	1577527 2265
812	1579793 1554
813	1581348 1025
814	1582374 1501
815	1583876 4401
816	1588278 2415
817	1590694 2669
818	1593364 2498
819	1595863 1898
820	1597762 1477
821	1599240 2486
822	1601727 1271
823	1602999 1516
824	1604516 1652
825	1606169 3369
826	1609539 1490
827	1611030 1431
828	1612462 2190
829	1614653 1275
830	1615929 1195
831	1617125 991
832	1618117 1583
833	1619701 3995
834	1623697 1681
835	1625379 3587
836	1628967 888
837	1629856 2212
838	1632069 894
839	1632964 3572
840	1636537 2311
841	1638849 4049
842	1642899 2470
843	1645370 4646
844	1650017 2387
845	1652405 625
846	1653031 4352
847	1657384 1134
848	1658519 4032
849	1662552 1619
850	1664172 2354
851	1666527 2134
852	1668662 1749
853	1670412 2929
854	1673342 1193
855	1674536 1848
856	1676385 1164
857	1677550 4522
858	1682073 3906
859	1685980 2840
860	1688821 1786
861	1690608 1276
862	1691885 5614
863	1697500 4099
864	1701600 2028
865	1703629 1478
866	1705108 923
867	1706032 1204
868	1707237 881
869	1708119 944
870	1709064 868
871	1709933 1178
872	1711112 1699
873	1712812 1206
874	1714019 1783
875	1715803 1199
876	1717003 1145
877	1718149 1768
878	1719918 6653
879	1726572 2340
880	1728913 3956
881	1732870 1560
882	1734431 1574
883	1736006 3076
884	1739083 1557
885	1740641 7852
886	1748494 3424
887	1751919 2518
888	1754438 2227
889	1756666 2585
890	1759252 1134
891	1760387 4421
892	1764809 1077
893	1765887 1668
894	1767556 3646
895	1771203 2868
896	1774072 2146
897	1776219 2749
898	1778969 1630
899	1780600 1831
900	1782432 4888
901	1787321 2689
902	1790011 721
903	1790733 5946
904	1796680 3322
905	1800003 8939
906	1808943 4011
907	1812955 2037
908	1814993 3418
909	1818412 7584
910	1825997 2628
911	1828626 2725
912	1831352 9656
913	1841009 19333
914	1860343 3104
915	1863448 2741
916	1866190 5364
917	1871555 2249
918	1873805 4255
919	1878061 6584
920	1884646 958
921	1885605 4877
922	1890483 8276
923	1898760 5343
924	1904104 6674
925	1910779 918
926	1911698 3783
927	1915482 2947
928	1918430 3582
929	1922013 2538
930	1924552 3698
931	1928251 4684
932	1932936 9628
933	1942565 9635
934	1952201 11527
935	1963729 2151
936	1965881 4794
937	1970676 3016
938	1973693 1646
939	1975340 5784
940	1981125 2029
941	1983155 1921
942	1985077 8390
943	1993468 8793
944	2002262 2756
945	2005019 4491
946	2009511 3146
947	2012658 1942
948	2014601 10647
949	2025249 6280
950	2031530 4881
951	2036412 5304
952	2041717 1318
953	2043036 1854
954	2044891 3603
956	2048495 3702
957	2052198 2531
958	2054730 7686
959	2062417 7003
960	2069421 6486
961	2075908 8800
962	2084709 3151
963	2087861 2811
964	2090673 1844
965	2092518 7061
966	2099580 3412
967	2102993 2651
968	2105645 1163
969	2106809 11637
970	2118447 10841
971	2129289 9902
972	2139192 6937
973	2146130 8937
974	2155068 2293
975	2157362 520
976	2157883 2775
977	2160659 623
978	2161283 6373
979	2167657 4300
980	2171958 2322
981	2174281 9193
982	2183475 6521
983	2189997 1562
984	2191560 7414
985	2198975 2733
986	2201709 7684
987	2209394 4475
988	2213870 2940
989	2216811 6310
990	2223122 9254
991	2232377 2974
992	2235352 4386
993	2239739 3898
994	2243638 1716
995	2245355 6518
996	2251874 5475
997	2257350 5234
998	2262585 8030
999	2270616 1838
1000	2272455 2821
1001	2275277 1588
1002	2276866 3076
1003	2279943 1177
1004	2281121 582
1005	2281704 1568
1006	2283273 1639
1007	2284913 1565
1008	2286479 8819
1009	2295299 7782
1010	2303082 4434
1011	2307517 2925
1012	2310443 608
1013	2311052 7690
1014	2318743 4048
1015	2322792 12555
1016	2335348 4929
1017	2340278 2528
1018	2342807 3904
1019	2346712 16208
1020	2362921 6314
1021	2369236 2625
1022	2371862 304
1023	2372167 2354
1024	2374522 3861
1025	2378384 2823
1026	2381208 13566
1027	2394775 7937
1028	2402713 1914
1029	2404628 2785
1030	2407414 1936
1031	2409351 1854
1032	2411206 3476
1033	2414683 2221
1034	2416905 3063
1035	2419969 1996
1036	2421966 1834
1037	2423801 2196
1038	2425998 2942
1039	2428941 2862
1040	2431804 1935
1045	2433740 2609
1046	2436350 3326
1047	2439677 2173
1048	2441851 1916
1049	2443768 1779
1050	2445548 2091
1051	2447640 4507
1052	2452148 3903
1053	2456052 3805
1054	2459858 3012
1055	2462871 2457
1056	2465329 2572
1057	2467902 2337
1058	2470240 2378
1060	2472619 319
1061	2472939 5870
1064	2478810 9959
1065	2488770 2813
1066	2491584 965
1067	2492550 4429
1068	2496980 7177
1069	2504158 304
1070	2504463 3204
1071	2507668 2677
1072	2510346 2384
1073	2512731 2603
1074	2515335 3574
1075	2518910 4359
1076	2523270 2616
1077	2525887 4997
1078	2530885 2755
1079	2533641 8233
1080	2541875 2758
1081	2544634 6293
1082	2550928 2452
1083	2553381 1225
1084	2554607 17846
1085	2572454 9879
1086	2582334 2966
1087	2585301 3249
1088	2588551 5893
1089	2594445 3488
1090	2597934 1947
1091	2599882 3085
1092	2602968 4500
1093	2607469 4381
1094	2611851 3725
1095	2615577 2997
1096	2618575 24581
1097	2643157 11338
1098	2654496 16330
1099	2670827 30733
1100	2701561 3791
1101	2705353 1028
1102	2706382 1084
1103	2707467 6688
1104	2714156 2159
1105	2716316 1930
1107	2718247 6205
1108	2724453 3626
1109	2728080 629
1110	2728710 1835
1111	2730546 3079
1112	2733626 1256
1113	2734883 2299
1114	2737183 1111
1115	2738295 3478
1116	2741774 4110
1117	2745885 4326
1118	2750212 6286
1119	2756499 3753
1120	2760253 710
1121	2760964 4275
1122	2765240 4079
1123	2769320 535
1124	2769856 997
1125	2770854 1582
1126	2772437 3653
1127	2776091 3587
1128	2779679 4802
1129	2784482 2696
1130	2787179 2077
1131	2789257 3129
1132	2792387 800
1133	2793188 7180
1134	2800369 945
1135	2801315 3146
1136	2804462 2383
1137	2806846 2672
1139	2809519 2548
1140	2812068 4069
1141	2816138 2040
1142	2818179 1860
1143	2820040 4434
1144	2824475 1421
1145	2825897 4423
1146	2830321 3880
1147	2834202 5679
1148	2839882 6663
1149	2846546 4529
1151	2851076 1268
1152	2852345 2847
1153	2855193 6442
1154	2861636 2537
1155	2864174 3446
1156	2867621 2711
1157	2870333 2275
1158	2872609 10498
1159	2883108 762
1160	2883871 9114
1161	2892986 6812
1162	2899799 2203
1163	2902003 2519
1164	2904523 2389
1165	2906913 2368
1166	2909282 1345
1167	2910628 1134
1168	2911763 2944
1169	2914708 10170
1170	2924879 1275
1171	2926155 3967
1172	2930123 1123
1173	2931247 455
1174	2931703 10794
1175	2942498 1834
1176	2944333 3362
1177	2947696 3341
1178	2951038 3581
1179	2954620 9691
1180	2964312 2183
1181	2966496 1110
1182	2967607 779
1183	2968387 1053
1184	2969441 1831
1185	2971273 8520
1186	2979794 3454
1187	2983249 6344
1188	2989594 4813
1189	2994408 5609
1190	3000018 1705
1191	3001724 5359
1192	3007084 1690
1193	3008775 1709
1194	3010485 6801
1195	3017287 2783
1196	3020071 1495
1197	3021567 2065
1198	3023633 2579
1199	3026213 2576
1200	3028790 3779
1201	3032570 3680
1202	3036251 1999
1203	3038251 3215
1204	3041467 2860
1205	3044328 7576
1206	3051905 409
1207	3052315 511
1208	3052827 11259
1209	3064087 4490
1210	3068578 3675
1211	3072254 9025
1212	3081280 3406
1213	3084687 2050
1214	3086738 2000
1215	3088739 7130
1216	3095870 6463
1217	3102334 3689
1218	3106024 2245
1219	3108270 14968
1220	3123239 6413
1221	3129653 1327
1222	3130981 1974
1223	3132956 2936
1224	3135893 2583
1225	3138477 2135
1226	3140613 1587
1227	3142201 739
1228	3142941 1389
1229	3144331 733
1230	3145065 385
1231	3145451 3986
1233	3149438 3061
1234	3152500 4163
1235	3156664 7606
1236	3164271 5436
1237	3169708 1354
1239	3171063 1171
1240	3172235 927
1241	3173163 1857
1242	3175021 2418
1243	3177440 5495
1244	3182936 2509
1245	3185446 8099
1246	3193546 2469
1247	3196016 914
1248	3196931 845
1249	3197777 1641
1250	3199419 2237
1251	3201657 7285
1252	3208943 1639
1253	3210583 4767
1254	3215351 2455
1255	3217807 3636
1256	3221444 2691
1257	3224136 6967
1258	3231104 2302
1259	3233407 3021
1260	3236429 4603
1261	3241033 2521
1262	3243555 2883
1263	3246439 1904
1264	3248344 1273
1265	3249618 4736
1266	3254355 1633
1267	3255989 1002
1268	3256992 1601
1269	3258594 1799
1270	3260394 4608
1271	3265003 1672
1272	3266676 2684
1273	3269361 9348
1274	3278710 1876
1275	3280587 2633
1276	3283221 9089
1277	3292311 3550
1278	3295862 6157
1279	3302020 3368
1280	3305389 2955
1281	3308345 7881
1282	3316227 1733
1283	3317961 2200
1284	3320162 1646
1285	3321809 962
1286	3322772 2387
1287	3325160 1678
1288	3326839 1780
1289	3328620 15078
1290	3343699 7386
1291	3351086 3142
1292	3354229 1674
1293	3355904 1410
1294	3357315 7687
1295	3365003 1991
1296	3366995 2113
1297	3369109 1783
1298	3370893 1685
1299	3372579 2076
1300	3374656 1156
1301	3375813 413
1302	3376227 423
1303	3376651 439
1304	3377091 483
1305	3377575 453
1306	3378029 461
1307	3378491 485
1308	3378977 521
1309	3379499 469
1310	3379969 499
1311	3380469 475
1312	3380945 467
1313	3381413 483
1314	3381897 451
1315	3382349 519
1316	3382869 388
1317	3383258 412
1318	3383671 3735
1319	3387407 38568
1320	3425976 5509
1321	3431486 9987
1322	3441474 6444
1323	3447919 6263
1324	3454183 9588
1325	3463772 15798
1326	3479571 2019
1327	3481591 2338
1328	3483930 1979
1329	3485910 2598
1330	3488509 4493
1331	3493003 2858
1332	3495862 1845
1333	3497708 1439
1334	3499148 1511
1335	3500660 2589
1337	3503250 1395
1338	3504646 1104
1339	3505751 1310
1340	3507062 1220
1341	3508283 9159
1342	3517443 5724
1343	3523168 6453
1344	3529622 2062
1346	3531685 2798
1347	3534484 11576
1348	3546061 3008
1349	3549070 2315
1350	3551386 1898
1351	3553285 1053
1353	3554339 346
1354	3554686 929
1355	3555616 3234
1356	3558851 2840
1357	3561692 5789
1358	3567482 1930
1359	3569413 510
1360	3569924 4977
1361	3574902 1400
1362	3576303 1696
1363	3578000 3070
1364	3581071 1034
1365	3582106 4444
1367	3586551 1029
1368	3587581 45576
1369	3633158 15510
1370	3648669 1224
1371	3649894 9996
1372	3659891 1044
1373	3660936 2260
1374	3663197 6619
1375	3669817 7790
1376	3677608 2897
1377	3680506 2769
1378	3683276 6652
1379	3689929 5852
1380	3695782 22669
1381	3718452 5884
1382	3724337 5263
1383	3729601 11727
1385	3741329 1750
1386	3743080 1505
1387	3744586 7240
1388	3751827 1858
1389	3753686 438
1390	3754125 2955
1391	3757081 7917
1392	3764999 8992
1393	3773992 1882
1394	3775875 5055
1395	3780931 8121
1396	3789053 1147
1397	3790201 2148
1398	3792350 1076
1399	3793427 14330
1400	3807758 6731
1401	3814490 6705
1402	3821196 2680
1403	3823877 5531
1404	3829409 12569
1405	3841979 2432
1406	3844412 2611
1407	3847024 11576
1408	3858601 5931
1409	3864533 5702
1410	3870236 742
1411	3870979 2179
1412	3873159 2202
1413	3875362 3586
1414	3878949 2531
1415	3881481 4546
1416	3886028 8071
1417	3894100 11535
1418	3905636 2033
1419	3907670 3593
1420	3911264 5155
1421	3916420 5320
1422	3921741 5148
1423	3926890 6326
1424	3933217 1019
1425	3934237 7184
1426	3941422 2929
1427	3944352 9521
1428	3953874 4205
1429	3958080 6410
1430	3964491 2871
1431	3967363 1580
1432	3968944 2907
1433	3971852 3387
1434	3975240 1758
1435	3976999 5540
1436	3982540 9058
1438	3991599 2279
1439	3993879 8406
1440	4002286 6784
1441	4009071 6446
1442	4015518 3675
1443	4019194 3368
1444	4022563 2874
1445	4025438 3400
1446	4028839 456
1447	4029296 2154
1448	4031451 3912
1449	4035364 3601
1450	4038966 2896
1451	4041863 3565
1452	4045429 2682
1453	4048112 6547
1454	4054660 9408
1455	4064069 8425
1456	4072495 10512
1457	4083008 9679
1458	4092688 10261
1459	4102950 7943
1460	4110894 5459
1461	4116354 6229
1462	4122584 7478
1463	4130063 3536
1464	4133600 3975
1465	4137576 2356
1466	4139933 1543
1467	4141477 1648
1468	4143126 3137
1469	4146264 3499
1470	4149764 7585
1471	4157350 6327
1472	4163678 5922
1473	4169601 3558
1474	4173160 4579
1475	4177740 3469
1476	4181210 11589
1477	4192800 5137
1478	4197938 6626
1479	4204565 4791
1480	4209357 1056
1481	4210414 4152
1482	4214567 3643
1483	4218211 3428
1484	4221640 4297
1485	4225938 4890
1486	4230829 4543
1487	4235373 7971
1488	4243345 2231
1489	4245577 5523
1490	4251101 4363
1491	4255465 6517
1492	4261983 4775
1493	4266759 2153
1494	4268913 2129
1495	4271043 1479
1496	4272523 3299
1497	4275823 4581
1498	4280405 4120
1499	4284526 6221
1500	4290748 8563
1501	4299312 1839
1502	4301152 5766
1503	4306919 7260
1504	4314180 1271
1505	4315452 3406
1506	4318859 4093
1507	4322953 1612
1508	4324566 7280
1509	4331847 2740
1510	4334588 10125
1511	4344714 4278
1512	4348993 5790
1513	4354784 800
1514	4355585 3742
1515	4359328 1961
1516	4361290 1994
1517	4363285 3114
1518	4366400 6317
1519	4372718 981
1521	4373700 935
1522	4374636 1145
1523	4375782 786
1524	4376569 6310
1525	4382880 2842
1526	4385723 5076
1527	4390800 9067
1528	4399868 7352
1532	4407221 1507
1533	4408729 639
1534	4409369 3282
1535	4412652 9168
1536	4421821 2877
1537	4424699 2215
1538	4426915 5712
1539	4432628 1298
1540	4433927 4410
1541	4438338 690
1542	4439029 2551
1543	4441581 1536
1544	4443118 1133
1545	4444252 2515
1546	4446768 4359
1547	4451128 2924
1548	4454053 5429
1549	4459483 5863
1550	4465347 4462
1551	4469810 2759
1552	4472570 2065
1553	4474636 1067
1554	4475704 805
1555	4476510 2636
1556	4479147 5780
1558	4484928 1805
1559	4486734 1732
1560	4488467 7470
1561	4495938 1204
1562	4497143 2224
1563	4499368 2429
1564	4501798 1391
1565	4503190 580
1566	4503771 5001
1567	4508773 6119
1568	4514893 11621
1569	4526515 1215
1570	4527731 2340
1573	4530072 2180
1575	4532253 5184
1576	4537438 2438
1577	4539877 3020
1578	4542898 20077
1579	4562976 2846
1580	4565823 1610
1581	4567434 2244
1582	4569679 1761
1583	4571441 1458
1584	4572900 7348
1585	4580249 4600
1586	4584850 12588
1587	4597439 2410
1588	4599850 1820
1589	4601671 1443
1590	4603115 3106
1591	4606222 1376
1592	4607599 3878
1595	4611478 1334
1596	4612813 2383
1597	4615197 1957
1599	4617155 3463
1601	4620619 968
1602	4621588 7317
1603	4628906 5207
1604	4634114 6567
1605	4640682 4431
1606	4645114 3696
1607	4648811 2747
1608	4651559 30920
1609	4682480 3959
1610	4686440 5284
1611	4691725 2842
1612	4694568 1962
1613	4696531 4740
1614	4701272 1223
1615	4702496 2559
1616	4705056 1947
1617	4707004 1553
1618	4708558 2552
1619	4711111 1999
1620	4713111 3744
1621	4716856 934
1622	4717791 1199
1623	4718991 1918
1624	4720910 1430
1625	4722341 3803
1626	4726145 5710
1627	4731856 2232
1628	4734089 2894
1629	4736984 1496
1630	4738481 5742
1631	4744224 2650
1632	4746875 1279
1633	4748155 1257
1634	4749413 1326
1635	4750740 7947
1636	4758688 1704
1637	4760393 2822
1638	4763216 1234
1639	4764451 1422
1640	4765874 5116
1641	4770991 3033
1642	4774025 1288
1643	4775314 2780
1644	4778095 1435
1645	4779531 921
1646	4780453 2767
1647	4783221 1486
1648	4784708 899
1649	4785608 2992
1650	4788601 1214
1651	4789816 8771
1652	4798588 2600
1653	4801189 1616
1654	4802806 2226
1655	4805033 1982
1656	4807016 6245
1657	4813262 2070
1658	4815333 1558
1659	4816892 3139
1660	4820032 4051
1661	4824084 2675
1662	4826760 2874
1663	4829635 1028
1664	4830664 1410
1665	4832075 5497
1666	4837573 1638
1667	4839212 3610
1668	4842823 2072
1669	4844896 5800
1670	4850697 6772
1671	4857470 1212
1672	4858683 1511
1673	4860195 348
1674	4860544 2190
1675	4862735 1733
1676	4864469 2937
1677	4867407 1211
1678	4868619 1951
1679	4870571 913
1680	4871485 1859
1681	4873345 2958
1682	4876304 6877
1683	4883182 2652
1684	4885835 1554
1685	4887390 1759
1686	4889150 1696
1687	4890847 951
1688	4891799 8950
1689	4900750 5601
1690	4906352 5659
1691	4912012 5476
1692	4917489 6733
1693	4924223 2064
1694	4926288 19447
1695	4945736 7671
1696	4953408 1810
1697	4955219 1228
1698	4956448 3026
1699	4959475 1848
1700	4961324 2683
1701	4964008 4165
1702	4968174 1403
1703	4969578 585
1704	4970164 6562
1705	4976727 2406
1706	4979134 1819
1707	4980954 3337
1708	4984292 1879
1709	4986172 13749
1710	4999922 532
1711	5000455 1630
1712	5002086 3021
1713	5005108 2358
1714	5007467 2822
1715	5010290 18364
1716	5028655 9652
1717	5038308 2019
1718	5040328 1853
1719	5042182 2645
1720	5044828 3187
1721	5048016 9538
1722	5057555 3462
1723	5061018 8378
1724	5069397 2137
1725	5071535 1726
1726	5073262 1065
1727	5074328 1478
1728	5075807 1055
1729	5076863 1368
1730	5078232 5360
1731	5083593 4992
1732	5088586 2151
1733	5090738 1738
1734	5092477 4016
1735	5096494 2319
1736	5098814 2256
1737	5101071 7670
1738	5108742 1315
1739	5110058 1474
1740	5111533 4279
1741	5115813 1263
1742	5117077 1231
1743	5118309 1408
1744	5119718 1685
1745	5121404 5183
1746	5126588 2522
1747	5129111 1372
1748	5130484 3181
1749	5133666 10930
1750	5144597 3828
1751	5148426 9575
1752	5158002 3784
1753	5161787 1565
1754	5163353 2112
1755	5165466 7031
1756	5172498 1863
1757	5174362 7361
1758	5181724 3385
1759	5185110 1918
1760	5187029 12886
1761	5199916 5250
1762	5205167 4675
1763	5209843 1374
1764	5211218 2472
1765	5213691 2319
1766	5216011 2151
1767	5218163 3604
1768	5221768 1378
1769	5223147 11043
1770	5234191 1167
1771	5235359 669
1772	5236029 4757
1773	5240787 2038
1774	5242826 1292
1775	5244119 899
1776	5245019 7410
1777	5252430 3113
1778	5255544 1892
1779	5257437 2875
1780	5260313 968
1781	5261282 1318
1782	5262601 1353
1783	5263955 525
1784	5264481 3969
1785	5268451 4618
1786	5273070 4955
1787	5278026 3242
1788	5281269 2208
1789	5283478 857
1790	5284336 783
1791	5285120 1242
1792	5286363 5682
1793	5292046 1588
1794	5293635 765
1795	5294401 1682
1796	5296084 12976
1797	5309061 551
1798	5309613 1839
1799	5311453 2469
1800	5313923 2320
1801	5316244 2685
1802	5318930 1647
1803	5320578 619
1804	5321198 2158
1805	5323357 2194
1806	5325552 2198
1807	5327751 2321
1808	5330073 2133
1809	5332207 479
1810	5332687 2426
1811	5335114 1231
1812	5336346 3099
1813	5339446 1557
1814	5341004 704
1815	5341709 1042
1816	5342752 755
1817	5343508 3223
1818	5346732 760
1819	5347493 6210
1820	5353704 6352
1821	5360057 5730
1822	5365788 10741
1827	5376530 4305
1828	5380836 6378
1829	5387215 3041
1830	5390257 6091
1831	5396349 6072
1832	5402422 1686
1833	5404109 6465
1834	5410575 3268
1835	5413844 6703
1836	5420548 9027
1837	5429576 1418
1838	5430995 2903
1839	5433899 1768
1840	5435668 3344
1841	5439013 6010
1842	5445024 6790
1843	5451815 6296
1844	5458112 6418
1845	5464531 9693
1846	5474225 9734
1847	5483960 1174
1848	5485135 707
1849	5485843 1140
1850	5486984 3790
1851	5490775 662
1852	5491438 5520
1853	5496959 1385
1854	5498345 2774
1855	5501120 2311
1856	5503432 5521
1857	5508954 12211
1858	5521166 2590
1859	5523757 26079
1860	5549837 3704
1861	5553542 4029
1862	5557572 12424
1863	5569997 4395
1864	5574393 3885
1865	5578279 14645
1866	5592925 12267
1867	5605193 3669
1868	5608863 1630
1869	5610494 9096
1870	5619591 1797
1871	5621389 706
1872	5622096 3225
1873	5625322 2850
1874	5628173 5813
1875	5633987 9612
1876	5643600 4037
1877	5647638 1128
1878	5648767 1779
1879	5650547 5494
1880	5656042 4591
1881	5660634 4537
1882	5665172 4388
1883	5669561 1852
1884	5671414 4364
1885	5675779 3669
1886	5679449 6158
1887	5685608 4185
1888	5689794 1099
1889	5690894 728
1890	5691623 8838
1891	5700462 3948
1892	5704411 7001
1893	5711413 1506
1894	5712920 2472
1895	5715393 1081
1896	5716475 1019
1897	5717495 1010
1898	5718506 5321
1899	5723828 10993
1900	5734822 741
1901	5735564 660
1902	5736225 4012
1903	5740238 10084
1904	5750323 1303
1905	5751627 3104
1906	5754732 846
1908	5755579 621
1909	5756201 982
1910	5757184 720
1911	5757905 1747
1912	5759653 12293
1913	5771947 4321
1914	5776269 11186
1915	5787456 3605
1916	5791062 659
1917	5791722 650
1918	5792373 673
1919	5793047 654
1920	5793702 693
1922	5794396 682
1923	5795079 628
1924	5795708 623
1925	5796332 646
1926	5796979 631
1927	5797611 709
1928	5798321 677
1929	5798999 655
1940	5799655 659
1941	5800315 693
1942	5801009 643
1943	5801653 676
1944	5802330 656
1945	5802987 652
1946	5803640 671
1947	5804312 653
1948	5804966 659
1949	5805626 691
1950	5806318 646
1951	5806965 679
1952	5807645 688
1954	5808334 689
1955	5809024 650
1956	5809675 666
1957	5810342 698
1958	5811041 678
1959	5811720 654
1970	5812375 650
1971	5813026 692
1972	5813719 648
1973	5814368 678
1974	5815047 658
1975	5815706 623
1976	5816330 661
1977	5816992 654
1978	5817647 674
1979	5818322 656
1980	5818979 693
1981	5819673 628
1982	5820302 647
1983	5820950 679
1984	5821630 654
1985	5822285 661
1986	5822947 653
1987	5823601 656
1988	5824258 674
1989	5824933 693
1990	5825627 647
1991	5826275 677
1992	5826953 642
1993	5827596 705
1994	5828302 659
1995	5828962 634
1996	5829597 663
1997	5830261 646
1998	5830908 657
1999	5831566 645
2000	5832212 632
2001	5832845 645
2002	5833491 640
2003	5834132 657
2004	5834790 641
2005	5835432 695
2006	5836128 668
2007	5836797 649
2008	5837447 678
2009	5838126 646
2010	5838773 649
2011	5839423 654
2012	5840078 654
2013	5840733 652
2014	5841386 674
2015	5842061 655
2016	5842717 692
2017	5843410 648
2018	5844059 679
2019	5844739 687
2020	5845427 654
2021	5846082 630
2022	5846713 656
2023	5847370 654
2024	5848025 673
2025	5848699 661
2026	5849361 693
2027	5850055 648
2028	5850704 652
2029	5851357 646
2030	5852004 703
2031	5852708 678
2032	5853387 645
2033	5854033 657
2044	5854691 664
2045	5855356 693
2046	5856050 618
2047	5856669 676
2048	5857346 648
2049	5857995 678
2050	5858674 654
2051	5859329 689
2052	5860019 675
2053	5860695 658
2054	5861354 653
2055	5862008 690
2056	5862699 648
2057	5863348 704
2058	5864053 628
2059	5864682 637
2060	5865320 676
2061	5865997 657
2062	5866655 656
2063	5867312 664
2064	5867977 693
2065	5868671 655
2066	5869327 673
2067	5870001 685
2068	5870687 652
2069	5871340 662
2070	5872003 649
2071	5872653 700
2072	5873354 704
2073	5874059 652
2074	5874712 678
2075	5875391 649
2076	5876041 638
2077	5876680 642
2088	5877323 664
2089	5877988 685
2090	5878674 647
2091	5879322 688
2092	5880011 677
2093	5880689 651
2094	5881341 676
2095	5882018 668
2096	5882687 680
2097	5883368 664
2098	5884033 663
2099	5884697 688
2100	5885386 644
2103	5886031 677
2104	5886709 660
2105	5887370 688
2106	5888059 696
2107	5888756 649
2108	5889406 654
2109	5890061 677
2110	5890739 641
2111	5891381 647
2112	5892029 642
2113	5892672 641
2114	5893314 683
2124	5893998 659
2125	5894658 639
2126	5895298 648
2127	5895947 684
2128	5896632 689
2129	5897322 704
2130	5898027 678
2131	5898706 644
2132	5899351 654
2133	5900006 675
2134	5900682 638
2135	5901321 677
2136	5901999 634
2137	5902634 650
2138	5903285 662
2139	5903948 647
2140	5904596 660
2141	5905257 684
2142	5905942 644
2143	5906587 637
2144	5907225 677
2145	5907903 647
2146	5908551 662
2147	5909214 639
2148	5909854 684
2149	5910539 648
2150	5911188 665
2151	5911854 650
2152	5912505 660
2153	5913166 698
2154	5913865 693
2155	5914559 704
2156	5915264 646
2157	5915911 718
2158	5916630 675
2159	5917306 644
2160	5917951 649
2161	5918601 638
2162	5919240 669
2163	5919910 628
2164	5920539 634
2165	5921174 657
2166	5921832 637
2167	5922470 655
2168	5923126 642
2169	5923769 669
2170	5924439 633
2171	5925073 683
2172	5925757 667
2173	5926425 646
2174	5927072 676
2175	5927749 642
2176	5928392 648
2177	5929041 683
2178	5929725 670
2179	5930396 648
2180	5931045 649
2181	5931695 661
2182	5932357 645
2183	5933003 676
2184	5933680 680
2185	5934361 642
2186	5935004 634
2187	5935639 686
2188	5936326 653
2189	5936980 646
2190	5937627 671
2191	5938299 661
2192	5938961 639
2193	5939601 677
2194	5940279 716
2195	5940996 676
2196	5941673 648
2197	5942322 695
2198	5943018 694
2199	5943713 687
2200	5944401 703
2201	5945105 706
2202	5945812 680
2203	5946493 675
2204	5947169 676
2205	5947846 693
2206	5948540 678
2207	5949219 663
2208	5949883 686
2209	5950570 628
2210	5951199 639
2211	5951839 676
2212	5952516 649
2213	5953166 686
2214	5953853 649
2215	5954503 671
2216	5955175 650
2217	5955826 658
2218	5956485 637
2219	5957123 678
2220	5957802 663
2221	5958466 623
2222	5959090 687
2223	5959778 653
2224	5960432 652
2225	5961085 676
2226	5961762 658
2227	5962421 689
2228	5963111 640
2229	5963752 725
2230	5964478 724
2231	5965203 715
2232	5965919 676
2233	5966596 660
2234	5967257 627
2235	5967885 636
2236	5968522 640
2237	5969163 647
2238	5969811 621
2239	5970433 667
2240	5971101 615
2241	5971717 625
2242	5972343 649
2243	5972993 628
2244	5973622 664
2245	5974287 688
2246	5974976 639
2247	5975616 676
2249	5976293 662
2250	5976956 680
2251	5977637 686
2252	5978324 669
2253	5978994 652
2254	5979647 676
2255	5980324 653
2256	5980978 663
2257	5981642 639
2258	5982282 667
2259	5982950 678
2260	5983629 687
2261	5984317 639
2262	5984957 674
2263	5985632 676
2264	5986309 641
2265	5986951 706
2266	5987658 672
2267	5988331 628
2268	5988960 653
2269	5989614 642
2270	5990257 640
2271	5990898 637
2272	5991536 615
2273	5992152 638
2274	5992791 632
2275	5993424 638
2276	5994063 641
2277	5994705 636
2278	5995342 647
2279	5995990 685
2280	5996676 649
2281	5997326 674
2282	5998001 629
2283	5998631 657
2284	5999289 643
2285	5999933 707
2286	6000641 685
2287	6001327 678
2288	6002006 684
2289	6002691 649
2290	6003341 651
2291	6003993 643
2292	6004637 666
2293	6005304 637
2294	6005942 651
2295	6006594 649
2296	6007244 677
2297	6007922 646
2298	6008569 669
2299	6009239 687
2300	6009927 684
2301	6010612 662
2302	6011275 654
2303	6011930 664
2304	6012595 649
2305	6013245 677
2306	6013923 651
2307	6014575 659
2308	6015235 644
2309	6015880 636
2310	6016517 631
2311	6017149 640
2312	6017790 624
2313	6018415 640
2314	6019056 657
2315	6019714 640
2316	6020355 636
2317	6020992 685
2318	6021678 668
2319	6022347 648
2320	6022996 684
2321	6023681 676
2322	6024358 650
2323	6025009 686
2324	6025696 653
2325	6026350 654
2326	6027005 681
2327	6027687 667
2328	6028355 648
2329	6029004 676
2330	6029681 673
2331	6030355 649
2332	6031005 712
2333	6031718 663
2334	6032382 675
2335	6033058 630
2336	6033689 635
2337	6034325 627
2338	6034953 687
2339	6035641 681
2340	6036323 656
2341	6036980 656
2342	6037637 666
2343	6038304 648
2344	6038953 677
2345	6039631 654
2346	6040286 637
2347	6040924 643
2348	6041568 638
2349	6042207 630
2350	6042838 644
2351	6043483 633
2352	6044117 653
2353	6044771 618
2354	6045390 631
2355	6046022 646
2356	6046669 642
2357	6047312 687
2358	6048000 668
2359	6048669 672
2360	6049342 641
2361	6049984 655
2362	6050640 677
2363	6051318 634
2364	6051953 648
2365	6052602 649
2366	6053252 627
2367	6053880 631
2368	6054512 687
2369	6055200 650
2370	6055851 681
2371	6056533 648
2372	6057182 663
2373	6057846 641
2374	6058488 621
2375	6059110 677
2376	6059788 648
2377	6060437 687
2378	6061125 677
2379	6061803 649
2380	6062453 680
2381	6063134 649
2382	6063784 657
2383	6064442 641
2384	6065084 677
2385	6065762 629
2386	6066392 637
2387	6067030 656
2388	6067687 659
2389	6068347 632
2390	6068980 630
2391	6069611 681
2392	6070293 658
2393	6070952 631
2394	6071584 629
2395	6072214 687
2396	6072902 621
2397	6073524 663
2398	6074188 700
2399	6074889 659
2400	6075549 627
2401	6076177 634
2402	6076812 629
2403	6077442 639
2404	6078082 617
2405	6078700 641
2406	6079342 624
2407	6079967 623
2408	6080591 650
2409	6081242 632
2410	6081875 676
2411	6082552 648
2412	6083201 686
2413	6083888 615
2414	6084504 658
2415	6085163 644
2416	6085808 5663
2417	6091472 2547
2418	6094020 8577
2419	6102598 7400
2420	6109999 2414
2421	6112414 1458
2422	6113873 1638
2423	6115512 2671
2424	6118184 2579
2425	6120764 2250
2426	6123015 3061
2427	6126077 2067
2428	6128145 2985
2429	6131131 6953
2430	6138085 6359
2431	6144445 6891
2432	6151337 6770
2433	6158108 3942
2434	6162051 8123
2435	6170175 7784
2436	6177960 3114
2437	6181075 1797
2438	6182873 2981
2439	6185855 1613
2440	6187469 3023
2441	6190493 3434
2442	6193928 1858
2443	6195787 1525
2444	6197313 4769
2445	6202083 1742
2446	6203826 1516
2447	6205343 2462
2448	6207806 3613
2449	6211420 2061
2450	6213482 1456
2451	6214939 2809
2452	6217749 7815
2453	6225565 3330
2454	6228896 3623
2455	6232520 8872
2456	6241393 3731
2457	6245125 2822
2458	6247948 2199
2459	6250148 3565
2460	6253714 3492
2461	6257207 2068
2462	6259276 1597
2463	6260874 1791
2464	6262666 6357
2465	6269024 3196
2466	6272221 2232
2467	6274454 1857
2468	6276312 3419
2469	6279732 5501
2470	6285234 2002
2471	6287237 4147
2472	6291385 2711
2473	6294097 3754
2474	6297852 1743
2475	6299596 1534
2476	6301131 1543
2477	6302675 1615
2478	6304291 3645
2479	6307937 2730
2480	6310668 3957
2481	6314626 2376
2482	6317003 2390
2483	6319394 2584
2484	6321979 2367
2485	6324347 2529
2486	6326877 23248
2487	6350126 3209
2488	6353336 3611
2489	6356948 6313
2490	6363262 3082
2491	6366345 3290
2492	6369636 3403
2493	6373040 5230
2494	6378271 1605
2495	6379877 2582
2496	6382460 3412
2497	6385873 2443
2498	6388317 1071
2499	6389389 2354
2500	6391744 5074
2501	6396819 4218
2502	6401038 3009
2503	6404048 3768
2504	6407817 2630
2505	6410448 5411
2506	6415860 2518
2507	6418379 3780
2508	6422160 1090
2509	6423251 5305
2510	6428557 1433
2511	6429991 1205
2512	6431197 2035
2513	6433233 7434
2514	6440668 3320
2515	6443989 2528
2516	6446518 3227
2517	6449746 3730
2518	6453477 4243
2519	6457721 3600
2520	6461322 14600
2521	6475923 3047
2522	6478971 4815
2523	6483787 4098
2524	6487886 2616
2525	6490503 2719
2526	6493223 3565
2527	6496789 3463
2528	6500253 19790
2529	6520044 3993
2530	6524038 1247
2531	6525286 4167
2532	6529454 3669
2533	6533124 5342
2534	6538467 4314
2535	6542782 3788
2536	6546571 4366
2537	6550938 3063
2538	6554002 1683
2539	6555686 4298
2540	6559985 3730
2541	6563716 3172
2542	6566889 3991
2543	6570881 4153
2544	6575035 3537
2545	6578573 3637
2546	6582211 3799
2547	6586011 3998
2548	6590010 3465
2549	6593476 4304
2550	6597781 10505
2551	6608287 3757
2552	6612045 4713
2553	6616759 3497
2554	6620257 4015
2555	6624273 4770
2556	6629044 4179
2557	6633224 3945
2558	6637170 3472
2559	6640643 2839
2560	6643483 3084
2561	6646568 3126
2562	6649695 4055
2563	6653751 3261
2564	6657013 19350
2565	6676364 4348
2566	6680713 3401
2567	6684115 1547
2568	6685663 3447
2569	6689111 3509
2570	6692621 19535
2571	6712157 4667
2572	6716825 1504
2573	6718330 3407
2574	6721738 4842
2575	6726581 4140
2576	6730722 3336
2577	6734059 1220
2578	6735280 3447
2579	6738728 5439
2580	6744168 3769
2581	6747938 5059
2582	6752998 3165
2583	6756164 3283
2584	6759448 3632
2585	6763081 3724
2586	6766806 3474
2587	6770281 2730
2588	6773012 3232
2589	6776245 3640
2590	6779886 3189
2591	6783076 3544
2592	6786621 18933
2593	6805555 4510
2594	6810066 3775
2595	6813842 3615
2596	6817458 1588
2597	6819047 4323
2598	6823371 1232
2599	6824604 926
2600	6825531 2954
2601	6828486 4065
2602	6832552 3543
2603	6836096 2842
2604	6838939 3522
2605	6842462 2606
2606	6845069 1103
2607	6846173 4216
2608	6850390 19808
2609	6870199 3821
2610	6874021 4816
2611	6878838 3323
2612	6882162 4809
2613	6886972 3309
2615	6890282 3641
2616	6893924 4991
2617	6898916 6536
2619	6905453 4231
2623	6909685 8641
2624	6918327 4032
2625	6922360 7528
2627	6929889 5436
2628	6935326 17868
2629	6953195 5287
2630	6958483 2765
2631	6961249 10537
2632	6971787 3779
2633	6975567 4724
2634	6980292 5404
2635	6985697 4822
2636	6990520 5242
2637	6995763 6722
2638	7002486 6481
2639	7008968 4675
2640	7013644 4146
2641	7017791 8949
2642	7026741 8401
2643	7035143 5479
2644	7040623 4268
2645	7044892 7440
2646	7052333 7901
2647	7060235 5644
2648	7065880 5354
2649	7071235 4461
2650	7075697 4956
2658	7080654 6329
2661	7086984 3477
2665	7090462 11912
2666	7102375 4240
2667	7106616 8215
2668	7114832 7859
2669	7122692 7999
2670	7130692 7306
2671	7137999 1625
2672	7139625 5248
2673	7144874 16445
2674	7161320 4604
2675	7165925 9445
2676	7175371 5305
2681	7180677 5551
2682	7186229 4109
2685	7190339 3917
2688	7194257 18427
2689	7212685 4804
2690	7217490 5360
2691	7222851 3395
2692	7226247 11471
2693	7237719 7873
2697	7245593 2123
2698	7247717 2867
2699	7250585 3662
2701	7254248 19773
2703	7274022 4294
2704	7278317 3518
2705	7281836 12561
2706	7294398 6781
2707	7301180 25783
2708	7326964 11224
2709	7338189 7091
2711	7345281 5944
2712	7351226 6348
2713	7357575 23587
2716	7381163 3754
2717	7384918 2422
2718	7387341 2047
2719	7389389 2517
2720	7391907 3443
2721	7395351 2469
2722	7397821 2524
2723	7400346 20273
2724	7420620 8404
2725	7429025 4377
2726	7433403 4481
2727	7437885 4150
2728	7442036 1540
2729	7443577 4492
2730	7448070 1370
2731	7449441 1188
2732	7450630 1486
2733	7452117 7434
2734	7459552 2186
2735	7461739 18033
2736	7479773 8886
2737	7488660 5683
2738	7494344 4031
2739	7498376 3568
2740	7501945 2060
2741	7504006 16380
2742	7520387 4467
2743	7524855 1160
2744	7526016 1934
2745	7527951 1360
2746	7529312 8183
2747	7537496 5179
2748	7542676 6851
2749	7549528 1936
2750	7551465 8212
2751	7559678 7569
2752	7567248 8513
2753	7575762 4985
2754	7580748 6752
2755	7587501 15099
2756	7602601 7549
2757	7610151 5089
2758	7615241 1377
2759	7616619 1578
2760	7618198 2160
2761	7620359 1354
2762	7621714 825
2763	7622540 6379
2764	7628920 2140
2765	7631061 8305
2766	7639367 4231
2767	7643599 1884
2768	7645484 5245
2769	7650730 5477
2770	7656208 9124
2771	7665333 4700
2772	7670034 9533
2773	7679568 3780
2774	7683349 1081
2775	7684431 1433
2776	7685865 1366
2777	7687232 9087
2778	7696320 304
2779	7696625 1736
2780	7698362 776
2781	7699139 1463
2782	7700603 12561
2783	7713165 8041
2784	7721207 4086
2785	7725294 5008
2786	7730303 4471
2787	7734775 8948
2788	7743724 2225
2789	7745950 5372
2790	7751323 2933
2791	7754257 3118
2792	7757376 1689
2793	7759066 8099
2794	7767166 3697
2795	7770864 14179
2796	7785044 3290
2797	7788335 3884
2798	7792220 4320
2799	7796541 11600
2800	7808142 937
2801	7809080 8011
2802	7817092 6273
2803	7823366 789
2804	7824156 5689
2805	7829846 15707
2806	7845554 923
2807	7846478 6072
2808	7852551 684
2809	7853236 5268
2810	7858505 8069
2811	7866575 1448
2812	7868024 4370
2813	7872395 708
2814	7873104 8920
2815	7882025 1367
2816	7883393 1473
2817	7884867 3258
2818	7888126 1197
2819	7889324 1773
2820	7891098 4550
2821	7895649 1076
2822	7896726 4217
2823	7900944 1820
2824	7902765 2142
2826	7904908 4952
2827	7909861 2626
2828	7912488 2596
2829	7915085 356
2830	7915442 1522
2831	7916965 1495
2832	7918461 2184
2833	7920646 1488
2834	7922135 1076
2835	7923212 2662
2836	7925875 1010
2837	7926886 324
2838	7927211 4572
2839	7931784 1279
2840	7933064 888
2841	7933953 3913
2842	7937867 1335
2843	7939203 3123
2844	7942327 2618
2845	7944946 531
2846	7945478 1284
2847	7946763 1233
2848	7947997 2493
2849	7950491 1192
2850	7951684 8144
2851	7959829 585
2852	7960415 1330
2853	7961746 7410
2854	7969157 3863
2855	7973021 3710
2856	7976732 3462
2857	7980195 7004
2858	7987200 4917
2859	7992118 1655
2860	7993774 1589
2861	7995364 2032
2862	7997397 1337
2863	7998735 501
2864	7999237 1350
2865	8000588 2292
2866	8002881 4487
2867	8007369 1533
2868	8008903 11553
2869	8020457 2048
2870	8022506 811
2871	8023318 913
2872	8024232 1054
2873	8025287 1819
2874	8027107 710
2875	8027818 11566
2876	8039385 1777
2877	8041163 2959
2878	8044123 3740
2879	8047864 944
2880	8048809 2204
2881	8051014 1223
2882	8052238 4757
2883	8056996 305
2884	8057302 7050
2885	8064353 1037
2886	8065391 1776
2887	8067168 2561
2888	8069730 1479
2889	8071210 1240
2890	8072451 6674
2891	8079126 3534
2892	8082661 1001
2893	8083663 3529
2894	8087193 1647
2895	8088841 2990
2896	8091832 1314
2897	8093147 503
2898	8093651 770
2899	8094422 4831
2900	8099254 1228
2901	8100483 6441
2902	8106925 2686
2903	8109612 438
2904	8110051 4237
2905	8114289 515
2906	8114805 1481
2907	8116287 2120
2908	8118408 2790
2909	8121199 3170
2910	8124370 1370
2911	8125741 1528
2912	8127270 1130
2913	8128401 1445
2914	8129847 2344
2915	8132192 585
2916	8132778 2510
2917	8135289 10166
2918	8145456 3312
2919	8148769 2741
2920	8151511 6132
2921	8157644 2291
2922	8159936 2587
2923	8162524 2207
2924	8164732 3715
2925	8168448 3181
2926	8171630 3398
2927	8175029 5277
2928	8180307 4364
2929	8184672 3769
2930	8188442 2266
2931	8190709 1349
2932	8192059 2970
2934	8195030 5108
2935	8200139 1830
2936	8201970 1493
2937	8203464 3208
2938	8206673 2845
2939	8209519 3125
2940	8212645 5481
2941	8218127 525
2942	8218653 7493
2943	8226147 4583
2944	8230731 1779
2945	8232511 1943
2946	8234455 13265
2947	8247721 4160
2948	8251882 7102
2949	8258985 3376
2950	8262362 3950
2951	8266313 5058
2952	8271372 6407
2953	8277780 5346
2954	8283127 2568
2955	8285696 4693
2956	8290390 4438
2957	8294829 5213
2959	8300043 4140
2960	8304184 7263
2961	8311448 4354
2962	8315803 3745
2963	8319549 12540
2964	8332090 7990
2965	8340081 5530
2966	8345612 9703
2967	8355316 5092
2968	8360409 6602
2969	8367012 5517
2970	8372530 7358
2971	8379889 2987
2972	8382877 4047
2973	8386925 2254
2974	8389180 1207
2975	8390388 4975
2976	8395364 6878
2977	8402243 11549
2978	8413793 3848
2979	8417642 3329
2980	8420972 5755
2981	8426728 11381
2982	8438110 887
2983	8438998 1527
2985	8440526 722
2986	8441249 5858
2987	8447108 912
2988	8448021 2466
2989	8450488 2601
2990	8453090 1620
2991	8454711 4761
2992	8459473 1693
2993	8461167 2106
2994	8463274 3748
2995	8467023 3960
2996	8470984 2924
2997	8473909 3240
2998	8477150 2312
2999	8479463 5911
3000	8485375 4272
3001	8489648 6051
3002	8495700 2488
3003	8498189 3410
3004	8501600 2988
3005	8504589 2261
3006	8506851 10058
3007	8516910 3108
3008	8520019 2182
3009	8522202 6135
3012	8528338 8554
3013	8536893 7845
3014	8544739 1930
3015	8546670 9968
3016	8556639 2134
3017	8558774 996
3018	8559771 5433
3019	8565205 1965
3020	8567171 1495
3021	8568667 1850
3022	8570518 1164
3023	8571683 1171
3024	8572855 6952
3025	8579808 3750
3026	8583559 1016
3027	8584576 2466
3028	8587043 2225
3029	8589269 3216
3030	8592486 2581
3031	8595068 30036
3032	8625105 1090
3033	8626196 1740
3034	8627937 5103
3035	8633041 1244
3036	8634286 1644
3037	8635931 1725
3038	8637657 2404
3039	8640062 1672
3040	8641735 1576
3041	8643312 2633
3042	8645946 3216
3043	8649163 4658
3044	8653822 1778
3045	8655601 949
3046	8656551 1488
3047	8658040 2048
3048	8660089 1522
3049	8661612 1794
3050	8663407 1282
3051	8664690 1901
3052	8666592 1617
3053	8668210 854
3054	8669065 2712
3055	8671778 1869
3056	8673648 6149
3057	8679798 2723
3058	8682522 1398
3059	8683921 1200
3060	8685122 2682
3061	8687805 1451
3062	8689257 2311
3063	8691569 1462
3064	8693032 1334
3065	8694367 2186
3066	8696554 1515
3067	8698070 1710
3068	8699781 5214
3069	8704996 2582
3070	8707579 5604
3071	8713184 1670
3072	8714855 1292
3073	8716148 2965
3074	8719114 1597
3075	8720712 2785
3076	8723498 1289
3077	8724788 856
3078	8725645 1603
3079	8727249 3991
3080	8731241 3232
3081	8734474 2981
3082	8737456 3353
3083	8740810 2708
3084	8743519 1403
3085	8744923 1366
3086	8746290 880
3087	8747171 2161
3088	8749333 1623
3089	8750957 1086
3090	8752044 3320
3091	8755365 3197
3092	8758563 3774
3093	8762338 1750
3094	8764089 4868
3095	8768958 3860
3097	8772819 1781
3098	8774601 965
3099	8775567 1266
3100	8776834 981
3101	8777816 1158
3102	8778975 5082
3103	8784058 2277
3104	8786336 1851
3105	8788188 1125
3106	8789314 1288
3107	8790603 1234
3108	8791838 4179
3109	8796018 1502
3110	8797521 2685
3111	8800207 2137
3112	8802345 1095
3113	8803441 1830
3114	8805272 4995
3115	8810268 2334
3116	8812603 5310
3117	8817914 1304
3119	8819219 1096
3121	8820316 5235
3122	8825552 2502
3123	8828055 3089
3125	8831145 6206
3131	8837352 10030
3147	8847383 1954
3149	8849338 1820
3150	8851159 1414
3151	8852574 1494
3152	8854069 1559
3153	8855629 1633
3154	8857263 3455
3156	8860719 15273
3172	8875993 1830
3173	8877824 2870
3174	8880695 8163
3175	8888859 7514
3176	8896374 3485
3177	8899860 9745
3178	8909606 1639
3179	8911246 946
3191	8912193 756
3199	8912950 2139
3211	8915090 6408
3213	8921499 1624
3214	8923124 3770
3215	8926895 2094
3216	8928990 3750
3217	8932741 1645
3218	8934387 2695
3219	8937083 2676
3220	8939760 508
3221	8940269 4144
3222	8944414 6066
3223	8950481 1732
3224	8952214 3587
3225	8955802 2449
3226	8958252 6017
3227	8964270 5774
3228	8970045 7760
3229	8977806 4933
3230	8982740 901
3231	8983642 1267
3232	8984910 2027
3233	8986938 4059
3234	8990998 3488
3235	8994487 600
3236	8995088 4053
3237	8999142 2904
3238	9002047 2847
3239	9004895 3499
3240	9008395 5606
3241	9014002 4641
3242	9018644 5088
3243	9023733 2701
3244	9026435 9162
3245	9035598 9400
3246	9044999 5542
3247	9050542 2017
3248	9052560 7349
3252	9059910 2602
3253	9062513 8360
3254	9070874 1302
3255	9072177 1878
3256	9074056 3082
3258	9077139 2019
3259	9079159 1195
3260	9080355 1215
3261	9081571 5283
3262	9086855 2777
3263	9089633 4010
3264	9093644 1132
3265	9094777 2018
3267	9096796 1333
3268	9098130 2888
3269	9101019 1580
3272	9102600 733
3273	9103334 528
3274	9103863 857
3275	9104721 668
3276	9105390 529
3277	9105920 567
3278	9106488 1337
3279	9107826 3520
3280	9111347 3735
3281	9115083 508
3282	9115592 2081
3283	9117674 1334
3284	9119009 3392
3285	9122402 6246
3286	9128649 3264
3287	9131914 5320
3288	9137235 3006
3289	9140242 3807
3290	9144050 3286
3291	9147337 3035
3293	9150373 1931
3294	9152305 3194
3297	9155500 1938
3303	9157439 10071
3304	9167511 2047
3305	9169559 3820
3306	9173380 3444
3307	9176825 4214
3308	9181040 1513
3309	9182554 1454
3310	9184009 2349
3311	9186359 1946
3312	9188306 3098
3313	9191405 2757
3314	9194163 1915
3315	9196079 2384
3316	9198464 781
3317	9199246 1095
3318	9200342 2938
3319	9203281 4410
3320	9207692 9678
3321	9217371 2190
3322	9219562 3165
3323	9222728 2100
3324	9224829 2281
3325	9227111 27042
3326	9254154 1894
3327	9256049 1774
3328	9257824 5374
3329	9263199 5464
3330	9268664 2501
3331	9271166 3412
3332	9274579 4776
3333	9279356 3727
3334	9283084 3380
3335	9286465 15488
3336	9301954 4144
3337	9306099 3597
3338	9309697 10157
3339	9319855 1682
3340	9321538 1503
3341	9323042 5868
3342	9328911 10960
3343	9339872 5254
3344	9345127 3856
3345	9348984 2199
3346	9351184 1310
3347	9352495 668
3348	9353164 1534
3349	9354699 4653
3350	9359353 2739
3351	9362093 1955
3352	9364049 8795
3353	9372845 6275
3354	9379121 5195
3355	9384317 1976
3356	9386294 6478
3357	9392773 2972
3358	9395746 2942
3359	9398689 7514
3360	9406204 1700
3361	9407905 2120
3362	9410026 2595
3363	9412622 1702
3364	9414325 1604
3365	9415930 10921
3366	9426852 7618
3367	9434471 3384
3368	9437856 3041
3369	9440898 1903
3370	9442802 5578
3371	9448381 8189
3372	9456571 3211
3373	9459783 581
3374	9460365 3660
3375	9464026 5127
3376	9469154 6913
3377	9476068 925
3378	9476994 2367
3379	9479362 4372
3380	9483735 3556
3381	9487292 2909
3382	9490202 5630
3383	9495833 5092
3384	9500926 7358
3385	9508285 1128
3386	9509414 3943
3387	9513358 1351
3389	9514710 3297
3390	9518008 4386
3391	9522395 4880
3392	9527276 2349
3393	9529626 6083
3394	9535710 2283
3395	9537994 1712
3396	9539707 15316
3398	9555024 5397
3399	9560422 1375
3400	9561798 5700
3401	9567499 1397
3402	9568897 6568
3404	9575466 4613
3405	9580080 9772
3406	9589853 1735
3407	9591589 3481
3408	9595071 15710
3409	9610782 9601
3410	9620384 3913
3411	9624298 7900
3412	9632199 13783
3413	9645983 3801
3414	9649785 14095
3416	9663881 5127
3417	9669009 7820
3419	9676830 11003
3420	9687834 1828
3421	9689663 7263
3422	9696927 3684
3423	9700612 7922
3424	9708535 474
3428	9709010 3875
3429	9712886 745
3430	9713632 867
3431	9714500 5668
3432	9720169 1480
3433	9721650 2134
3434	9723785 2614
3435	9726400 3662
3436	9730063 3266
3437	9733330 2082
3438	9735413 4822
3439	9740236 10138
3440	9750375 583
3441	9750959 3160
3442	9754120 3449
3444	9757570 3759
3446	9761330 9852
3448	9771183 1627
3449	9772811 3119
3450	9775931 5576
3451	9781508 3664
3452	9785173 1978
3453	9787152 4390
3454	9791543 1360
3455	9792904 9449
3456	9802354 4572
3457	9806927 2577
3458	9809505 3571
3459	9813077 1799
3460	9814877 1479
3461	9816357 1501
3462	9817859 4712
3463	9822572 2887
3464	9825460 8555
3465	9834016 7771
3466	9841788 5302
3467	9847091 3037
3468	9850129 7120
3469	9857250 1190
3470	9858441 2797
3471	9861239 2584
3472	9863824 1944
3473	9865769 2313
3474	9868083 520
3475	9868604 5877
3476	9874482 513
3477	9874996 2069
3478	9877066 6621
3479	9883688 5876
3480	9889565 2514
3481	9892080 3068
3482	9895149 8935
3483	9904085 3610
3485	9907696 3034
3486	9910731 8950
3487	9919682 4034
3488	9923717 3387
3489	9927105 3632
3490	9930738 1461
3491	9932200 4476
3492	9936677 1016
3493	9937694 1770
3494	9939465 5590
3495	9945056 2089
3496	9947146 1790
3497	9948937 15848
3498	9964786 5927
3499	9970714 2248
3500	9972963 2612
3501	9975576 5397
3502	9980974 3916
3503	9984891 13765
3504	9998657 3820
3505	10002478 1843
3506	10004322 3633
3507	10007956 6588
3508	10014545 2955
3509	10017501 559
3510	10018061 4684
3511	10022746 4550
3512	10027297 2704
3513	10030002 4737
3514	10034740 2152
3515	10036893 734
3516	10037628 8495
3517	10046124 4214
3519	10050339 12847
3520	10063187 4564
3521	10067752 2361
3522	10070114 2417
3523	10072532 649
3524	10073182 1366
3525	10074549 10072
3526	10084622 21751
3527	10106374 861
3528	10107236 3503
3530	10110740 1412
3531	10112153 1057
3532	10113211 5749
3533	10118961 1202
3534	10120164 900
3535	10121065 10810
3536	10131876 1345
3537	10133222 17715
3538	10150938 9463
3539	10160402 2833
3541	10163236 1345
3542	10164582 4588
3543	10169171 5945
3544	10175117 1049
3545	10176167 867
3546	10177035 2291
3547	10179327 8155
3548	10187483 3244
3549	10190728 1831
3550	10192560 519
3551	10193080 1537
3552	10194618 2265
3554	10196884 5923
3555	10202808 1319
3556	10204128 3157
3557	10207286 1229
3558	10208516 1303
3559	10209820 1093
3560	10210914 5525
3561	10216440 919
3563	10217360 332
3564	10217693 8864
3565	10226558 3579
3566	10230138 1595
3567	10231734 1327
3568	10233062 6384
3569	10239447 4061
3570	10243509 1239
3571	10244749 2932
3572	10247682 2645
3573	10250328 1768
3574	10252097 4099
3575	10256197 12805
3576	10269003 1463
3577	10270467 4018
3578	10274486 3568
3579	10278055 1353
3580	10279409 1076
3581	10280486 3947
3582	10284434 6861
3584	10291296 1572
3585	10292869 1506
3586	10294376 1441
3587	10295818 2419
3588	10298238 2146
3589	10300385 1735
3590	10302121 1752
3591	10303874 1143
3592	10305018 1624
3593	10306643 793
3594	10307437 7009
3595	10314447 8116
3596	10322564 1465
3597	10324030 1071
3598	10325102 4655
3599	10329758 2410
3600	10332169 1153
3601	10333323 6422
3602	10339746 1758
3603	10341505 7539
3604	10349045 2153
3605	10351199 6376
3606	10357576 3979
3607	10361556 1379
3608	10362936 8319
3609	10371256 6880
3610	10378137 9515
3611	10387653 3628
3612	10391282 2211
3613	10393494 3377
3614	10396872 4714
3615	10401587 1667
3616	10403255 2674
3617	10405930 2742
3618	10408673 1914
3619	10410588 2433
3620	10413022 7159
3621	10420182 1551
3622	10421734 1142
3623	10422877 1142
3624	10424020 1134
3625	10425155 1142
3626	10426298 1142
3627	10427441 1142
3628	10428584 1142
3629	10429727 1142
3630	10430870 1142
3632	10432013 1117
3633	10433131 8077
3634	10441209 5543
3635	10446753 1317
3636	10448071 2001
3637	10450073 4752
3638	10454826 6782
3639	10461609 8183
3640	10469793 3913
3642	10473707 1241
3643	10474949 8853
3644	10483803 6013
3645	10489817 2057
3646	10491875 4452
3647	10496328 1939
3649	10498268 2397
3650	10500666 1265
3651	10501932 2918
3652	10504851 2152
3653	10507004 3009
3656	10510014 2591
3657	10512606 1509
3658	10514116 3404
3659	10517521 1651
3660	10519173 6369
3661	10525543 2463
3662	10528007 2150
3663	10530158 5069
3664	10535228 8565
3665	10543794 5187
3668	10548982 1460
3669	10550443 2463
3670	10552907 2359
3671	10555267 1817
3672	10557085 3500
3674	10560586 3924
3676	10564511 434
3679	10564946 2459
3680	10567406 2081
3681	10569488 2429
3682	10571918 2653
3684	10574572 7995
3685	10582568 5227
3686	10587796 5945
3687	10593742 4557
3688	10598300 2493
3689	10600794 2481
3690	10603276 7412
3697	10610689 1775
3698	10612465 1918
3699	10614384 634
3700	10615019 475
3701	10615495 598
3702	10616094 2570
3703	10618665 2512
3704	10621178 1915
3705	10623094 5767
3706	10628862 2030
3707	10630893 3818
3710	10634712 2381
3711	10637094 1571
3712	10638666 3006
3713	10641673 1773
3714	10643447 8304
3715	10651752 1693
3716	10653446 6354
3717	10659801 3582
3718	10663384 6859
3719	10670244 10181
3720	10680426 2177
3721	10682604 3674
3722	10686279 2335
3723	10688615 3707
3724	10692323 2946
3725	10695270 3773
3726	10699044 1621
3727	10700666 10138
3728	10710805 2143
3729	10712949 4986
3730	10717936 2419
3731	10720356 1513
3732	10721870 7957
3733	10729828 6794
3734	10736623 4452
3735	10741076 9617
3736	10750694 6412
3737	10757107 5737
3738	10762845 2877
3739	10765723 5682
3740	10771406 10450
3741	10781857 4315
3742	10786173 6165
3743	10792339 4639
3744	10796979 2276
3745	10799256 3431
3746	10802688 8906
3747	10811595 1807
3748	10813403 5742
3749	10819146 4049
3750	10823196 4054
3751	10827251 2612
3752	10829864 368
3753	10830233 1857
3754	10832091 7404
3755	10839496 4450
3756	10843947 2430
3757	10846378 1744
3758	10848123 3088
3759	10851212 3527
3760	10854740 2793
3761	10857534 5240
3762	10862775 1177
3763	10863953 1163
3764	10865117 3115
3765	10868233 7622
3766	10875856 7655
3767	10883512 1190
3768	10884703 6037
3769	10890741 1693
3770	10892435 2330
3771	10894766 4839
3772	10899606 1724
3773	10901331 3358
3774	10904690 1928
3775	10906619 1172
3776	10907792 2642
3777	10910435 671
3778	10911107 2801
3779	10913909 5211
3781	10919121 1657
3782	10920779 2835
3783	10923615 4163
3784	10927779 1252
3785	10929032 1112
3786	10930145 1619
3787	10931765 1183
3788	10932949 1663
3789	10934613 825
3790	10935439 866
3791	10936306 3828
3792	10940135 831
3793	10940967 3115
3794	10944083 7846
3795	10951930 2548
3796	10954479 1507
3797	10955987 3162
3798	10959150 1159
3799	10960310 2700
3800	10963011 2352
3801	10965364 1347
3802	10966712 1030
3803	10967743 3673
3804	10971417 3073
3805	10974491 1465
3806	10975957 8354
3807	10984312 1464
3808	10985777 2057
3809	10987835 957
3810	10988793 1667
3811	10990461 1626
3812	10992088 915
3813	10993004 2428
3814	10995433 9647
3815	11005081 3960
3816	11009042 2952
3817	11011995 3004
3818	11015000 2434
3819	11017435 2465
3820	11019901 2534
3821	11022436 850
3822	11023287 1592
3823	11024880 5826
3824	11030707 2574
3825	11033282 1284
3826	11034567 2041
3827	11036609 1576
3828	11038186 2894
3829	11041081 5799
3830	11046881 1191
3831	11048073 2818
3832	11050892 1840
3833	11052733 1233
3834	11053967 1117
3835	11055085 1774
3836	11056860 5988
3837	11062849 1798
3838	11064648 3436
3839	11068085 1591
3840	11069677 609
3841	11070287 2700
3842	11072988 895
3843	11073884 5757
3844	11079642 5207
3845	11084850 1609
3846	11086460 760
3847	11087221 789
3848	11088011 2481
3849	11090493 5796
3850	11096290 3735
3852	11100026 3669
3853	11103696 3764
3854	11107461 3818
3855	11111280 3846
3856	11115127 4050
3857	11119178 3867
3859	11123046 3816
3861	11126863 3753
3862	11130617 3792
3863	11134410 3810
3867	11138221 625
3868	11138847 5816
3869	11144664 681
3870	11145346 2801
3871	11148148 2864
3872	11151013 1089
3873	11152103 1272
3874	11153376 7577
3875	11160954 1481
3876	11162436 2293
3877	11164730 2093
3878	11166824 1454
3879	11168279 980
3880	11169260 1699
3881	11170960 2619
3882	11173580 1906
3883	11175487 17037
3884	11192525 1543
3885	11194069 4844
3886	11198914 2105
3887	11201020 2816
3888	11203837 6276
3889	11210114 530
3890	11210645 4030
3891	11214676 2038
3892	11216715 1209
3893	11217925 4655
3894	11222581 850
3895	11223432 2114
3896	11225547 1892
3897	11227440 4179
3898	11231620 4692
3899	11236313 9234
3900	11245548 4127
3901	11249676 2703
3902	11252380 841
3903	11253222 806
3904	11254029 905
3905	11254935 1049
3906	11255985 780
3907	11256766 3035
3908	11259802 6318
3909	11266121 1049
3910	11267171 2539
3911	11269711 1436
3912	11271148 2747
3913	11273896 1222
3914	11275119 2700
3915	11277820 431
3916	11278252 6707
3917	11284960 8213
3918	11293174 3709
3919	11296884 5014
3920	11301899 3494
3921	11305394 1882
3922	11307277 985
3923	11308263 1404
3924	11309668 1163
3925	11310832 2092
3926	11312925 1292
3927	11314218 1731
3928	11315950 1801
3929	11317752 2175
3930	11319928 1797
3931	11321726 7660
3932	11329387 18348
3933	11347736 3872
3934	11351609 4404
3935	11356014 3339
3936	11359354 3542
3937	11362897 10506
3938	11373404 4058
3939	11377463 1212
3940	11378676 887
3941	11379564 1499
3942	11381064 960
3943	11382025 1968
3944	11383994 4457
3945	11388452 1625
3946	11390078 6237
3947	11396316 7693
3948	11404010 1988
3949	11405999 3998
3950	11409998 2668
3951	11412667 4766
3952	11417434 8843
3953	11426278 4972
3954	11431251 7970
3955	11439222 4780
3956	11444003 10034
3957	11454038 2207
3958	11456246 1612
3959	11457859 2096
3960	11459956 1871
3961	11461828 2432
3962	11464261 2890
3963	11467152 2578
3964	11469731 13297
3965	11483029 2485
3966	11485515 2256
3967	11487772 2510
3968	11490283 3082
3969	11493366 1583
3970	11494950 10156
3971	11505107 9648
3972	11514756 4716
3973	11519473 6996
3974	11526470 3656
3975	11530127 3423
3976	11533551 2843
3977	11536395 5874
3978	11542270 3080
3979	11545351 5855
3980	11551207 4769
3981	11555977 13731
3982	11569709 3827
3983	11573537 2966
3984	11576504 1620
3985	11578125 8105
3986	11586231 5688
3987	11591920 12499
3988	11604420 3812
3989	11608233 2201
3990	11610435 5464
3991	11615900 5846
3992	11621747 7924
3993	11629672 10139
3994	11639812 3599
3995	11643412 3385
3996	11646798 2181
3998	11648980 3780
3999	11652761 2027
4000	11654789 1480
4001	11656270 7375
4002	11663646 1017
4003	11664664 941
4004	11665606 1674
4005	11667281 3275
4006	11670557 1822
4007	11672380 4058
4008	11676439 2167
4009	11678607 4024
4010	11682632 1394
4011	11684027 4917
4012	11688945 2599
4013	11691545 1750
4014	11693296 1973
4015	11695270 1482
4016	11696753 466
4017	11697220 3157
4018	11700378 2105
4019	11702484 10188
4020	11712673 1121
4021	11713795 1337
4022	11715133 5176
4023	11720310 2527
4024	11722838 6649
4025	11729488 7820
4026	11737309 1412
4027	11738722 1766
4028	11740489 2240
4029	11742730 3408
4030	11746139 1952
4031	11748092 2096
4032	11750189 6043
4033	11756233 2070
4034	11758304 1451
4035	11759756 1101
4036	11760858 3172
4037	11764031 6309
4038	11770341 1978
4039	11772320 2386
4040	11774707 2603
4041	11777311 2607
4042	11779919 3597
4043	11783517 1407
4044	11784925 8490
4045	11793416 3904
4047	11797321 10440
4049	11807762 7197
4051	11814960 3354
4052	11818315 6490
4053	11824806 4367
4054	11829174 4656
4055	11833831 2988
4056	11836820 1315
4057	11838136 3068
4058	11841205 1951
4059	11843157 1664
4060	11844822 1710
4061	11846533 3348
4062	11849882 2059
4063	11851942 2124
4064	11854067 978
4065	11855046 1888
4066	11856935 3952
4067	11860888 2193
4068	11863082 5393
4069	11868476 1739
4070	11870216 1891
4071	11872108 2539
4072	11874648 2189
4073	11876838 2374
4074	11879213 2181
4075	11881395 1788
4076	11883184 2378
4078	11885563 4949
4080	11890513 13670
4082	11904184 971
4083	11905156 14500
4084	11919657 1849
4085	11921507 1600
4086	11923108 1090
4087	11924199 1512
4088	11925712 1759
4089	11927472 6073
4090	11933546 2983
4091	11936530 3073
4092	11939604 2381
4093	11941986 1949
4094	11943936 2845
4095	11946782 5398
4096	11952181 15387
4097	11967569 7234
4098	11974804 3350
4099	11978155 3229
4100	11981385 2535
4101	11983921 2955
4102	11986877 1337
4103	11988215 2292
4104	11990508 5268
4105	11995777 1606
4106	11997384 1291
4107	11998676 1699
4108	12000376 1985
4109	12002362 2059
4110	12004422 2598
4111	12007021 2023
4112	12009045 1490
4113	12010536 1484
4114	12012021 1389
4115	12013411 2485
4117	12015897 5165
4122	12021063 3873
4123	12024937 6071
4124	12031009 2454
4125	12033464 4426
4126	12037891 963
4127	12038855 780
4128	12039636 4164
4129	12043801 2661
4130	12046463 2950
4131	12049414 1244
4132	12050659 1937
4133	12052597 2310
4134	12054908 2728
4135	12057637 2296
4136	12059934 1283
4137	12061218 4691
4138	12065910 4572
4139	12070483 3569
4140	12074053 3122
4141	12077176 4096
4142	12081273 4495
4143	12085769 2765
4144	12088535 3813
4145	12092349 2300
4146	12094650 1731
4147	12096382 2289
4148	12098672 20490
4149	12119163 3302
4150	12122466 4074
4151	12126541 1909
4152	12128451 8724
4153	12137176 2668
4154	12139845 5307
4155	12145153 5339
4156	12150493 3679
4157	12154173 4160
4158	12158334 5922
4159	12164257 3019
4160	12167277 5452
4161	12172730 1728
4162	12174459 2611
4163	12177071 5022
4164	12182094 4779
4165	12186874 3302
4166	12190177 5410
4167	12195588 5481
4168	12201070 4268
4169	12205339 2528
4170	12207868 4402
4171	12212271 7390
4173	12219662 4721
4175	12224384 892
4176	12225277 783
4177	12226061 2224
4178	12228286 1769
4179	12230056 927
4180	12230984 1829
4181	12232814 12127
4182	12244942 4425
4185	12249368 9971
4186	12259340 1106
4187	12260447 9935
4188	12270383 3370
4189	12273754 1392
4190	12275147 3506
4191	12278654 5356
4192	12284011 4656
4193	12288668 5531
4196	12294200 771
4197	12294972 2569
4200	12297542 5159
4206	12302702 1537
4207	12304240 3309
4208	12307550 1871
4209	12309422 3266
4210	12312689 5102
4211	12317792 2121
4212	12319914 5821
4213	12325736 2291
4214	12328028 4206
4215	12332235 4907
4216	12337143 7395
4217	12344539 1288
4218	12345828 1066
4219	12346895 9068
4220	12355964 11257
4221	12367222 9242
4222	12376465 15997
4223	12392463 8744
4224	12401208 8436
4225	12409645 7371
4226	12417017 11282
4227	12428300 19495
4228	12447796 13545
4229	12461342 5473
4230	12466816 481
4231	12467298 821
4232	12468120 3185
4233	12471306 7331
4234	12478638 528
4235	12479167 1526
4236	12480694 3448
4237	12484143 2092
4238	12486236 9158
4239	12495395 8012
4240	12503408 8555
4241	12511964 4680
4242	12516645 2678
4243	12519324 4072
4245	12523397 7141
4246	12530539 3396
4247	12533936 2823
4248	12536760 668
4249	12537429 1041
4250	12538471 1629
4251	12540101 6667
4252	12546769 1337
4253	12548107 11440
4254	12559548 6337
4255	12565886 4428
4256	12570315 25795
4257	12596111 3739
4258	12599851 5132
4259	12604984 8395
4260	12613380 9762
4261	12623143 4622
4263	12627766 9588
4264	12637355 12836
4265	12650192 4681
4266	12654874 10949
4267	12665824 6263
4268	12672088 5100
4269	12677189 1746
4270	12678936 3805
4271	12682742 4756
4272	12687499 3699
4273	12691199 10707
4274	12701907 9905
4275	12711813 6839
4276	12718653 6100
4277	12724754 6578
4278	12731333 5796
4279	12737130 4089
4280	12741220 3898
4281	12745119 3494
4282	12748614 3833
4283	12752448 3323
4284	12755772 12267
4285	12768040 12834
4286	12780875 4220
4287	12785096 2852
4288	12787949 5563
4289	12793513 15909
4290	12809423 4284
4291	12813708 708
4292	12814417 1193
4293	12815611 4401
4294	12820013 4375
4295	12824389 2080
4296	12826470 13029
4297	12839500 6698
4298	12846199 8825
4299	12855025 7738
4300	12862764 10689
4302	12873454 6996
4303	12880451 8939
4304	12889391 2333
4305	12891725 8155
4306	12899881 8287
4307	12908169 3888
4308	12912058 5748
4310	12917807 2538
4311	12920346 13735
4312	12934082 4678
4313	12938761 520
4314	12939282 1524
4315	12940807 3079
