1	0 6716
2	6716 8222
3	14938 3718
4	18656 5023
5	23679 3503
6	27182 1891
7	29073 994
8	30067 1413
9	31480 1172
10	32652 2102
11	34754 1302
12	36056 1741
13	37797 1811
14	39608 2185
15	41793 1807
16	43600 7670
17	51270 18358
18	69628 3882
19	73510 4414
20	77924 3349
21	81273 3552
22	84825 10516
23	95341 4068
24	99409 1222
25	100631 897
26	101528 1509
27	103037 970
28	104007 1978
29	105985 4467
30	110452 1635
31	112087 6247
32	118334 7703
33	126037 1998
34	128035 4008
35	132043 2678
36	134721 4776
37	139497 8853
38	148350 4982
39	153332 7980
40	161312 4790
41	166102 10044
42	176146 2217
43	178363 1622
44	179985 2106
45	182091 1881
46	183972 2442
47	186414 2900
48	189314 2588
49	191902 13307
50	205209 2495
51	207704 2266
52	209970 2520
53	212490 3092
54	215582 1593
55	217175 10166
56	227341 9658
57	236999 4726
58	241725 7006
59	248731 3666
60	252397 3433
61	255830 2853
62	258683 5884
63	264567 3090
64	267657 5865
65	273522 4779
66	278301 13741
67	292042 3837
68	295879 2976
69	298855 1630
70	300485 8115
71	308600 5698
72	314298 12509
73	326807 3822
74	330629 2211
75	332840 5474
76	338314 5856
77	344170 7934
78	352104 10149
79	362253 3609
80	365862 3395
81	369257 2191
82	371448 391
83	371839 3790
84	375629 2037
85	377666 1490
86	379156 7385
87	386541 1027
88	387568 951
89	388519 1684
90	390203 3285
91	393488 1832
92	395320 4068
93	399388 2177
94	401565 4034
95	405599 1404
96	407003 4927
97	411930 2609
98	414539 1760
99	416299 1983
100	418282 1493
101	419775 3765
102	423540 2433
103	425973 2058
104	428031 2528
105	430559 3454
106	434013 2480
107	436493 2535
108	439028 20284
109	459312 8415
110	467727 4388
111	472115 4492
112	476607 4161
113	480768 1551
114	482319 4503
115	486822 1381
116	488203 1199
117	489402 1497
118	490899 7445
119	498344 2197
120	500541 18044
121	518585 8897
122	527482 5694
123	533176 4042
124	537218 3579
125	540797 2071
126	542868 16391
127	559259 4478
128	563737 1171
129	564908 1945
130	566853 1371
131	568224 8194
132	576418 5190
133	581608 6862
134	588470 1947
135	590417 8223
136	598640 7580
137	606220 8524
138	614744 4996
139	619740 6763
140	626503 15110
141	641613 7560
142	649173 5100
143	654273 1388
144	655661 1589
145	657250 2171
146	659421 1365
147	660786 836
148	661622 6390
149	668012 2151
150	670163 8316
151	678479 4242
152	682721 1895
153	684616 5256
154	689872 5488
155	695360 9135
156	704495 4711
157	709206 9544
158	718750 3791
159	722541 1092
160	723633 1444
161	725077 1377
162	726454 9098
163	735552 315
164	735867 1747
165	737614 787
166	738401 1474
167	739875 12572
168	752447 8052
169	760499 4097
170	764596 5019
171	769615 4482
172	774097 8959
173	783056 2236
174	785292 5383
175	790675 2944
176	793619 3129
177	796748 1700
178	798448 8110
179	806558 3708
180	810266 14190
181	824456 3301
182	827757 3895
183	831652 4331
184	835983 11611
185	847594 948
186	848542 8022
187	856564 6284
188	862848 800
189	863648 5700
190	869348 15718
191	885066 934
192	886000 6083
193	892083 695
194	892778 5279
195	898057 8080
196	906137 1459
197	907596 4381
198	911977 719
199	912696 8931
200	921627 1378
201	923005 766
202	923771 3234
203	927005 771
204	927776 6221
205	933997 6363
206	940360 5741
207	946101 10752
208	956853 3797
209	960650 1588
210	962238 2153
211	964391 9588
212	973979 4316
213	978295 6389
214	984684 3052
215	987736 6102
216	993838 6083
217	999921 1697
218	1001618 6476
219	1008094 3279
220	1011373 6714
221	1018087 9038
222	1027125 1429
223	1028554 2914
224	1031468 1779
225	1033247 3355
226	1036602 6021
227	1042623 6801
228	1049424 6307
229	1055731 6429
230	1062160 9704
231	1071864 9745
232	1081609 1185
233	1082794 718
234	1083512 1151
235	1084663 3801
236	1088464 673
237	1089137 5531
238	1094668 1396
239	1096064 2785
240	1098849 2322
241	1101171 5532
242	1106703 12222
243	1118925 2601
244	1121526 26090
245	1147616 3715
246	1151331 4040
247	1155371 12435
248	1167806 4406
249	1172212 3896
250	1176108 14656
251	1190764 12278
252	1203042 3680
253	1206722 1641
254	1208363 9107
255	1217470 1808
256	1219278 717
257	1219995 3236
258	1223231 2861
259	1226092 5824
260	1231916 9623
261	1241539 4048
262	1245587 1139
263	1246726 1790
264	1248516 5505
265	1254021 4602
266	1258623 4548
267	1263171 4399
268	1267570 1863
269	1269433 4375
270	1273808 3680
271	1277488 6169
272	1283657 4196
273	1287853 1110
274	1288963 739
275	1289702 8849
276	1298551 3959
277	1302510 7012
278	1309522 1517
279	1311039 2483
280	1313522 1092
281	1314614 1030
282	1315644 1021
283	1316665 5332
284	1321997 11004
285	1333001 752
286	1333753 671
287	1334424 4023
288	1338447 10095
289	1348542 1314
290	1349856 3115
291	1352971 857
293	1353828 632
294	1354460 993
295	1355453 731
296	1356184 1758
297	1357942 12304
298	1370246 4332
299	1374578 11197
300	1385775 3616
301	1389391 5138
302	1394529 7831
303	1402360 5325
304	1407685 11014
305	1418699 1839
306	1420538 7274
307	1427812 3695
308	1431507 7933
309	1439440 485
310	1439925 5220
311	1445145 2501
312	1447646 3088
313	1450734 3886
314	1454620 756
315	1455376 878
316	1456254 5679
317	1461933 1491
318	1463424 2145
319	1465569 2625
320	1468194 3673
321	1471867 3277
322	1475144 2093
323	1477237 4833
324	1482070 10149
325	1492219 594
326	1492813 3171
327	1495984 3460
328	1499444 5321
329	1504765 3770
330	1508535 6255
331	1514790 9863
332	1524653 2082
333	1526735 1638
334	1528373 3130
335	1531503 5587
336	1537090 3675
337	1540765 1989
338	1542754 4401
339	1547155 1371
340	1548526 9460
341	1557986 4583
342	1562569 2588
343	1565157 3582
344	1568739 1810
345	1570549 1490
346	1572039 1512
347	1573551 4723
348	1578274 2898
349	1581172 8566
350	1589738 7782
351	1597520 5313
352	1602833 3048
353	1605881 7131
354	1613012 1201
355	1614213 2808
356	1617021 2595
357	1619616 1955
358	1621571 2324
359	1623895 531
360	1624426 5888
361	1630314 524
362	1630838 2080
363	1632918 6632
364	1639550 5887
365	1645437 2525
366	1647962 3079
367	1651041 8946
368	1659987 3621
369	1663608 3898
370	1667506 3045
371	1670551 8961
372	1679512 4045
373	1683557 3398
374	1686955 3643
375	1690598 1472
376	1692070 4487
377	1696557 1027
378	1697584 1781
379	1699365 5601
380	1704966 2100
381	1707066 1801
382	1708867 15859
383	1724726 5938
384	1730664 2259
385	1732923 2623
386	1735546 5408
387	1740954 3927
388	1744881 13776
389	1758657 3831
390	1762488 1854
391	1764342 3644
392	1767986 6599
393	1774585 2966
394	1777551 570
395	1778121 4695
396	1782816 4561
397	1787377 2715
398	1790092 4748
399	1794840 2163
400	1797003 745
401	1797748 477
402	1798225 3168
403	1801393 2116
404	1803509 10199
405	1813708 1132
406	1814840 1348
407	1816188 5187
408	1821375 2538
409	1823913 6660
410	1830573 7831
411	1838404 1423
412	1839827 1777
413	1841604 2251
414	1843855 3419
415	1847274 1963
416	1849237 2107
417	1851344 6054
418	1857398 2081
419	1859479 1462
420	1860941 1112
421	1862053 3183
422	1865236 6320
423	1871556 1989
424	1873545 2397
425	1875942 2614
426	1878556 2618
427	1881174 3608
428	1884782 1418
429	1886200 8501
430	1894701 3915
431	1898616 1485
432	1900101 10451
433	1910552 4105
434	1914657 7208
435	1921865 10041
436	1931906 3365
437	1935271 6501
438	1941772 4378
439	1946150 4667
440	1950817 2999
441	1953816 1326
442	1955142 3079
443	1958221 1962
444	1960183 1675
445	1961858 1721
446	1963579 3359
447	1966938 2070
448	1969008 2135
449	1971143 989
450	1972132 1899
451	1974031 3963
452	1977994 2204
453	1980198 5404
454	1985602 1750
455	1987352 1902
456	1989254 2550
457	1991804 2200
458	1994004 2385
459	1996389 2192
460	1998581 1799
461	2000380 2389
462	2002769 6024
463	2008793 4960
464	2013753 1634
465	2015387 13681
466	2029068 5378
467	2034446 982
468	2035428 14511
469	2049939 1860
470	2051799 1611
471	2053410 1101
472	2054511 1523
473	2056034 1770
474	2057804 6084
475	2063888 2994
476	2066882 3084
477	2069966 2392
478	2072358 1960
479	2074318 2856
480	2077174 5409
481	2082583 15398
482	2097981 7245
483	2105226 3361
484	2108587 3240
485	2111827 2546
486	2114373 2966
487	2117339 1348
488	2118687 2303
489	2120990 5279
490	2126269 1617
491	2127886 1302
492	2129188 1710
493	2130898 1996
494	2132894 2070
495	2134964 2609
496	2137573 2034
497	2139607 1501
498	2141108 1495
499	2142603 1400
500	2144003 2496
501	2146499 3344
502	2149843 3695
503	2153538 6361
504	2159899 1492
505	2161391 2689
506	2164080 2098
507	2166178 3113
508	2169291 1607
509	2170898 8519
510	2179417 3508
511	2182925 3395
512	2186320 1370
513	2187690 7920
514	2195610 8204
515	2203814 8641
516	2212455 5690
517	2218145 7423
518	2225568 7086
519	2232654 5495
520	2238149 1799
521	2239948 6428
522	2246376 9040
523	2255416 3868
524	2259284 4597
525	2263881 2731
526	2266612 2401
527	2269013 3865
528	2272878 4813
529	2277691 4266
530	2281957 3251
531	2285208 7056
532	2292264 8579
533	2300843 8492
534	2309335 2800
535	2312135 649
536	2312784 4193
537	2316977 8139
538	2325116 8340
539	2333456 5411
540	2338867 2416
541	2341283 7601
542	2348884 6645
543	2355529 3465
544	2358994 2902
545	2361896 1062
546	2362958 3056
547	2366014 10603
548	2376617 7566
549	2384183 7619
550	2391802 1043
551	2392845 2971
552	2395816 1796
553	2397612 8030
554	2405642 6944
555	2412586 4064
556	2416650 1034
557	2417684 9582
558	2427266 9633
559	2436899 2708
560	2439607 3796
561	2443403 5693
562	2449096 14785
563	2463881 3047
564	2466928 4458
565	2471386 7894
566	2479280 6501
567	2485781 2509
568	2488290 3868
569	2492158 3803
570	2495961 1861
571	2497822 3388
572	2501210 5080
573	2506290 2242
574	2508532 1108
575	2509640 1365
576	2511005 3997
577	2515002 992
578	2515994 3488
579	2519482 3302
580	2522784 3677
581	2526461 3278
582	2529739 2466
583	2532205 988
584	2533193 1263
585	2534456 8068
586	2542524 7014
587	2549538 4485
588	2554023 7299
589	2561322 997
590	2562319 3331
591	2565650 9072
592	2574722 2149
593	2576871 6297
594	2583168 6288
595	2589456 1144
596	2590600 832
597	2591432 6802
598	2598234 3583
599	2601817 2682
600	2604499 1025
601	2605524 2685
602	2608209 2753
603	2610962 1925
604	2612887 2444
605	2615331 7170
606	2622501 1562
607	2624063 1153
608	2625216 1153
609	2626369 1145
610	2627514 1153
611	2628667 1153
612	2629820 1153
613	2630973 1153
614	2632126 1153
615	2633279 1153
616	2634432 796
617	2635228 1128
618	2636356 8088
619	2644444 5554
620	2649998 1328
621	2651326 2012
622	2653338 4763
623	2658101 6793
624	2664894 8194
625	2673088 3924
627	2677012 1252
628	2678264 8864
629	2687128 6024
630	2693152 2068
631	2695220 4463
632	2699683 1950
633	2701633 9312
634	2710945 2408
635	2713353 1276
636	2714629 2929
637	2717558 2163
638	2719721 3020
639	2722741 946
640	2723687 3776
641	2727463 2602
642	2730065 1520
643	2731585 3415
644	2735000 1662
645	2736662 6380
646	2743042 2474
647	2745516 2161
648	2747677 5080
649	2752757 8576
650	2761333 5198
651	2766531 1096
652	2767627 1308
653	2768935 1471
654	2770406 2474
655	2772880 2370
656	2775250 1828
657	2777078 3511
658	2780589 2428
659	2783017 3935
660	2786952 3763
661	2790715 445
662	2791160 13395
663	2804555 9612
664	2814167 2470
665	2816637 2092
666	2818729 2440
667	2821169 2664
668	2823833 6391
669	2830224 8006
670	2838230 5238
671	2843468 5956
672	2849424 4568
673	2853992 2504
674	2856496 2492
675	2858988 7423
677	2866411 5414
681	2871825 1143
682	2872968 1786
683	2874754 1929
684	2876683 645
685	2877328 486
686	2877814 609
687	2878423 2581
688	2881004 2523
689	2883527 1926
690	2885453 5778
691	2891231 2041
692	2893272 3829
695	2897101 2392
696	2899493 1582
697	2901075 3017
698	2904092 1784
699	2905876 8315
700	2914191 1704
701	2915895 3761
702	2919656 1656
703	2921312 2706
704	2924018 2687
705	2926705 519
706	2927224 4155
707	2931379 6077
708	2937456 1743
709	2939199 3598
710	2942797 2460
712	2945257 5785
713	2951042 7771
714	2958813 4944
715	2963757 912
716	2964669 1278
717	2965947 2038
718	2967985 4070
719	2972055 3499
720	2975554 611
721	2976165 4064
722	2980229 2915
723	2983144 2858
724	2986002 3510
725	2989512 5617
726	2995129 4652
727	2999781 5099
728	3004880 2712
729	3007592 9173
730	3016765 9411
731	3026176 5553
732	3031729 2028
733	3033757 7360
734	3041117 1999
735	3043116 3493
736	3046609 3739
737	3050348 2613
738	3052961 8371
739	3061332 1313
740	3062645 1889
741	3064534 3093
742	3067627 4565
743	3072192 2030
744	3074222 1206
745	3075428 1226
746	3076654 5294
747	3081948 2788
748	3084736 4021
749	3088757 1143
750	3089900 2029
751	3091929 2151
752	3094080 1344
753	3095424 2899
754	3098323 1591
756	3099914 5303
757	3105217 744
758	3105961 539
759	3106500 868
760	3107368 679
761	3108047 540
762	3108587 578
763	3109165 1348
764	3110513 3531
765	3114044 3746
766	3117790 519
767	3118309 2092
768	3120401 1345
769	3121746 3403
771	3125149 3275
772	3128424 5331
773	3133755 3017
774	3136772 3818
775	3140590 3297
776	3143887 3046
777	3146933 2108
778	3149041 1942
779	3150983 3205
780	3154188 3784
781	3157972 218
782	3158190 1949
783	3160139 2179
786	3162318 3629
787	3165947 11159
788	3177106 10082
790	3187188 3831
791	3191019 3455
792	3194474 4225
793	3198699 1524
794	3200223 1465
795	3201688 2360
796	3204048 1957
797	3206005 3109
798	3209114 2768
799	3211882 1926
800	3213808 2395
801	3216203 1977
802	3218180 3142
803	3221322 2459
804	3223781 7795
805	3231576 2672
806	3234248 2023
807	3236271 6226
808	3242497 4254
809	3246751 4374
810	3251125 3843
811	3254968 6896
812	3261864 3613
813	3265477 3293
814	3268770 4633
815	3273403 5275
816	3278678 4452
817	3283130 3428
818	3286558 4130
819	3290688 1148
820	3291836 7956
821	3299792 4580
822	3304372 4398
823	3308770 4383
824	3313153 4095
825	3317248 5573
826	3322821 7807
827	3330628 2355
828	3332983 2136
829	3335119 2959
830	3338078 2953
831	3341031 4623
832	3345654 5438
833	3351092 3177
834	3354269 4097
835	3358366 5469
836	3363835 4691
837	3368526 5127
838	3373653 2499
839	3376152 2737
840	3378889 2977
841	3381866 8271
842	3390137 1237
843	3391374 779
845	3392153 4157
846	3396310 3353
847	3399663 1553
848	3401216 9958
849	3411174 3077
850	3414251 8764
851	3423015 3972
852	3426987 5254
853	3432241 4941
854	3437182 8593
855	3445775 4806
856	3450581 3929
857	3454510 530
858	3455040 4695
859	3459735 4403
860	3464138 3823
861	3467961 5834
862	3473795 7226
863	3481021 6478
864	3487499 2582
865	3490081 3369
866	3493450 976
867	3494426 22920
868	3517346 18590
869	3535936 2592
870	3538528 8486
871	3547014 1655
872	3548669 2403
873	3551072 7145
874	3558217 3348
875	3561565 11023
876	3572588 2884
877	3575472 3520
878	3578992 3231
879	3582223 4845
880	3587068 7274
881	3594342 6912
882	3601254 6201
883	3607455 1083
884	3608538 2794
885	3611332 3455
886	3614787 1055
887	3615842 2446
888	3618288 1562
889	3619850 6353
890	3626203 13634
891	3639837 2106
892	3641943 12962
893	3654905 6479
894	3661384 2887
895	3664271 5041
896	3669312 1972
897	3671284 9054
898	3680338 6573
899	3686911 2489
900	3689400 6455
901	3695855 1599
902	3697454 3087
903	3700541 1188
904	3701729 593
905	3702322 1579
906	3703901 1650
907	3705551 1576
908	3707127 8830
909	3715957 7793
910	3723750 4445
911	3728195 2936
912	3731131 619
913	3731750 7701
914	3739451 4059
915	3743510 12566
916	3756076 4940
917	3761016 2539
918	3763555 3915
920	3767470 6325
921	3773795 2636
922	3776431 315
923	3776746 2365
924	3779111 3872
925	3782983 2834
926	3785817 13577
927	3799394 7948
928	3807342 1925
929	3809267 2796
930	3812063 1947
931	3814010 1865
932	3815875 3487
933	3819362 2232
934	3821594 3074
935	3824668 2007
936	3826675 1845
937	3828520 2207
938	3830727 2953
939	3833680 2873
940	3836553 1946
945	3838499 2620
946	3841119 3337
947	3844456 2184
948	3846640 1927
949	3848567 1790
950	3850357 2102
951	3852459 4518
952	3856977 3914
953	3860891 3816
954	3864707 3023
955	3867730 2468
956	3870198 2583
957	3872781 2348
958	3875129 2389
960	3877518 330
961	3877848 5881
964	3883729 9970
965	3893699 2824
966	3896523 976
967	3897499 4440
968	3901939 7188
969	3909127 315
970	3909442 3215
971	3912657 2688
972	3915345 2395
973	3917740 2614
974	3920354 3585
975	3923939 4370
976	3928309 2627
977	3930936 5008
978	3935944 2766
979	3938710 8244
980	3946954 2769
981	3949723 6304
982	3956027 2463
983	3958490 1236
984	3959726 17857
985	3977583 9890
986	3987473 2977
987	3990450 3260
988	3993710 5904
989	3999614 3499
990	4003113 1958
991	4005071 3096
992	4008167 4511
993	4012678 4392
994	4017070 3736
995	4020806 3008
996	4023814 24592
997	4048406 11349
998	4059755 16341
999	4076096 30744
1000	4106840 3803
1005	4110643 4110
1006	4114753 12674
1007	4127427 16856
1008	4144283 12219
1009	4156502 22492
1010	4178994 43486
1012	4222480 15787
1013	4238267 28279
1014	4266546 12332
1017	4278878 3909
1019	4282787 33598
1020	4316385 2393
1021	4318778 2276
1022	4321054 15051
1023	4336105 10944
1024	4347049 7815
1025	4354864 9428
1026	4364292 2476
1027	4366768 6067
1028	4372835 8342
1030	4381177 14034
1031	4395211 13313
1032	4408524 28283
1034	4436807 15768
1036	4452575 13729
1038	4466304 25069
1039	4491373 362
1041	4491735 30123
1042	4521858 6916
1043	4528774 22041
1044	4550815 4192
1045	4555007 5564
1046	4560571 3455
1047	4564026 4298
1048	4568324 4080
1049	4572404 6573
1050	4578977 3809
1051	4582786 5535
1052	4588321 3428
1053	4591749 4508
1055	4596257 2859
1056	4599116 16270
1057	4615386 4106
1058	4619492 12981
1060	4632473 12338
1061	4644811 22429
1062	4667240 63854
1064	4731094 94236
1065	4825330 28299
1067	4853629 14122
1068	4867751 13206
1069	4880957 28309
1071	4909266 25074
1073	4934340 30003
1074	4964343 28282
1079	4992625 3707
1080	4996332 10051
1082	5006383 12226
1083	5018609 17173
1084	5035782 42229
1086	5078011 93885
1087	5171896 28279
1089	5200175 309
1090	5200484 329
1092	5200813 14062
1093	5214875 13345
1095	5228220 282
1096	5228502 318
1097	5228820 1735
1100	5230555 28282
1102	5258837 10179
1104	5269016 55715
1105	5324731 10363
1106	5335094 5394
1107	5340488 8898
1108	5349386 7656
1109	5357042 6484
1111	5363526 94258
1112	5457784 7090
1115	5464874 5507
1116	5470381 5372
1117	5475753 6899
1119	5482652 6928
1121	5489580 9678
1123	5499258 11863
1124	5511121 6879
1125	5518000 5318
1126	5523318 6609
1127	5529927 3936
1128	5533863 6335
1129	5540198 5026
1130	5545224 6907
1131	5552131 4237
1132	5556368 8224
1133	5564592 5041
1134	5569633 4544
1135	5574177 17415
1137	5591592 3177
1138	5594769 7987
1139	5602756 3784
1140	5606540 5443
1141	5611983 10489
1142	5622472 7488
1143	5629960 8424
1144	5638384 24892
1146	5663276 15697
1149	5678973 5534
1150	5684507 5233
1151	5689740 3520
1152	5693260 6922
1153	5700182 3513
1154	5703695 2974
1155	5706669 3619
1157	5710288 10255
1158	5720543 15081
1160	5735624 11908
1161	5747532 6915
1162	5754447 13927
1163	5768374 14232
1165	5782606 5048
1170	5787654 3700
1171	5791354 5332
1172	5796686 10079
1173	5806765 7569
1174	5814334 8567
1175	5822901 16979
1180	5839880 5535
1182	5845415 5552
1183	5850967 5262
1184	5856229 6906
1186	5863135 9994
1188	5873129 11852
1189	5884981 6871
1194	5891852 3817
1195	5895669 5326
1196	5900995 10059
1197	5911054 7524
1198	5918578 8415
1199	5926993 17217
1201	5944210 15735
1202	5959945 6913
1204	5966858 5651
1205	5972509 5326
1206	5977835 6915
1208	5984750 9403
1210	5994153 16381
1212	6010534 6884
1214	6017418 11848
1215	6029266 6892
1228	6036158 15785
1230	6051943 3406
1231	6055349 8081
1232	6063430 3658
1233	6067088 5463
1234	6072551 10066
1235	6082617 7571
1236	6090188 8449
1237	6098637 23806
1239	6122443 5593
1240	6128036 5261
1242	6133297 7004
1244	6140301 9201
1245	6149502 11928
1249	6161430 11769
1250	6173199 6906
1255	6180105 3643
1256	6183748 5328
1257	6189076 10054
1258	6199130 7539
1259	6206669 8288
1260	6214957 17704
1262	6232661 15774
1263	6248435 6871
1265	6255306 5628
1266	6260934 5222
1269	6266156 9300
1271	6275456 8964
1273	6284420 11794
1276	6296214 3193
1281	6299407 3664
1282	6303071 5550
1283	6308621 10147
1284	6318768 7440
1285	6326208 8302
1286	6334510 17207
1287	6351717 6860
1289	6358577 15773
1290	6374350 9217
1293	6383567 5610
1294	6389177 5270
1299	6394447 16429
1301	6410876 6871
1303	6417747 9414
1307	6427161 6854
1308	6434015 5887
1309	6439902 6226
1310	6446128 3876
1311	6450004 7693
1312	6457697 4744
1313	6462441 4496
1314	6466937 3628
1315	6470565 7435
1316	6478000 5076
1317	6483076 5084
1320	6488160 3426
1321	6491586 8044
1322	6499630 3847
1323	6503477 5702
1324	6509179 10054
1325	6519233 7588
1326	6526821 8353
1327	6535174 24703
1329	6559877 15776
1331	6575653 5913
1332	6581566 10636
1334	6592202 7102
1336	6599304 5652
1337	6604956 5277
1338	6610233 3671
1339	6613904 6910
1341	6620814 9928
1344	6630742 6916
1349	6637658 3599
1350	6641257 5585
1351	6646842 10090
1352	6656932 7627
1353	6664559 8349
1354	6672908 17578
1356	6690486 15863
1360	6706349 5676
1361	6712025 5351
1367	6717376 9152
1370	6726528 6941
1373	6733469 4254
1375	6737723 15842
1380	6753565 6175
1381	6759740 5828
1382	6765568 10684
1384	6776252 3553
1385	6779805 5517
1387	6785322 7557
1388	6792879 8314
1389	6801193 16876
1390	6818069 7194
1392	6825263 5658
1393	6830921 5298
1394	6836219 7201
1396	6843420 17250
1397	6860670 14992
1399	6875662 3312
1401	6878974 6585
1403	6885559 10100
1407	6895659 7169
1409	6902828 5718
1410	6908546 4323
1411	6912869 3302
1412	6916171 6037
1413	6922208 4819
1414	6927027 4317
1415	6931344 3945
1416	6935289 5470
1417	6940759 4748
1418	6945507 5737
1421	6951244 8073
1422	6959317 2757
1423	6962074 3377
1424	6965451 5753
1425	6971204 10106
1426	6981310 7641
1427	6988951 8471
1428	6997422 22813
1430	7020235 15799
1431	7036034 7198
1433	7043232 5609
1434	7048841 5156
1435	7053997 7208
1438	7061205 10350
1441	7071555 7145
1442	7078700 15257
1448	7093957 2571
1449	7096528 4837
1450	7101365 9243
1451	7110608 6946
1452	7117554 7758
1453	7125312 16354
1455	7141666 15691
1456	7157357 7161
1457	7164518 3072
1459	7167590 5526
1460	7173116 5358
1461	7178474 7169
1465	7185643 9587
1467	7195230 57130
1468	7252360 7173
1470	7259533 15847
1472	7275380 5812
1473	7281192 7210
1475	7288402 5078
1476	7293480 5039
1477	7298519 7211
1479	7305730 13177
1481	7318907 10387
1483	7329294 3504
1489	7332798 3237
1490	7336035 6830
1491	7342865 3347
1492	7346212 4808
1493	7351020 5753
1494	7356773 7631
1495	7364404 7854
1496	7372258 5384
1497	7377642 7501
1498	7385143 4514
1499	7389657 3543
1500	7393200 4473
1501	7397673 2820
1502	7400493 2709
1503	7403202 1253
1504	7404455 1109
1505	7405564 864
1506	7406428 984
1507	7407412 999
1508	7408411 2363
1509	7410774 1747
1510	7412521 1156
1511	7413677 906
1512	7414583 1137
1513	7415720 1361
1514	7417081 1002
1515	7418083 1953
1516	7420036 2629
1517	7422665 1279
1518	7423944 2746
1519	7426690 2822
1520	7429512 3003
1521	7432515 1066
1522	7433581 3631
1523	7437212 2549
1524	7439761 4300
1525	7444061 3336
1526	7447397 5887
1527	7453284 3305
1528	7456589 926
1529	7457515 2333
1530	7459848 4633
1532	7464481 800
1533	7465281 5811
1534	7471092 1240
1535	7472332 6021
1536	7478353 880
1537	7479233 1624
1538	7480857 879
1539	7481736 3280
1540	7485016 6423
1541	7491439 832
1542	7492271 3426
1543	7495697 4043
1544	7499740 1253
1545	7500993 1087
1546	7502080 1808
1547	7503888 1541
1548	7505429 2503
1549	7507932 2502
1550	7510434 1754
1551	7512188 1385
1552	7513573 2916
1553	7516489 2443
1554	7518932 1574
1555	7520506 1867
1556	7522373 1087
1557	7523460 957
1558	7524417 3370
1559	7527787 1964
1560	7529751 1935
1561	7531686 2230
1562	7533916 1960
1563	7535876 3130
1564	7539006 1800
1565	7540806 3203
1566	7544009 3807
1567	7547816 523
1568	7548339 1111
1569	7549450 816
1570	7550266 2574
1571	7552840 1063
1572	7553903 2286
1573	7556189 1868
1574	7558057 1430
1575	7559487 730
1576	7560217 1683
1577	7561900 2544
1578	7564444 1572
1579	7566016 2292
1580	7568308 2395
1581	7570703 2255
1582	7572958 1073
1583	7574031 2526
1584	7576557 1432
1585	7577989 4192
1586	7582181 2115
1587	7584296 1796
1589	7586092 4219
1590	7590311 543
1591	7590854 836
1592	7591690 2570
1593	7594260 4245
1594	7598505 3564
1595	7602069 910
1596	7602979 4086
1597	7607065 3520
1598	7610585 1227
1599	7611812 2401
1600	7614213 2660
1601	7616873 5115
1602	7621988 9800
1603	7631788 1661
1604	7633449 750
1605	7634199 735
1606	7634934 2929
1607	7637863 1879
1608	7639742 2320
1609	7642062 3191
1610	7645253 2901
1611	7648154 2964
1612	7651118 3016
1613	7654134 2446
1614	7656580 2477
1615	7659057 2546
1616	7661603 862
1617	7662465 1604
1618	7664069 5838
1619	7669907 2586
1620	7672493 1296
1621	7673789 2053
1622	7675842 1588
1623	7677430 2906
1624	7680336 5811
1625	7686147 1203
1626	7687350 2830
1627	7690180 1852
1628	7692032 1245
1629	7693277 1129
1630	7694406 1786
1631	7696192 6000
1632	7702192 1810
1633	7704002 3448
1634	7707450 1603
1635	7709053 621
1636	7709674 2712
1637	7712386 907
1638	7713293 5769
1639	7719062 5219
1640	7724281 1621
1641	7725902 772
1642	7726674 801
1643	7727475 2493
1644	7729968 5808
1645	7735776 3747
1647	7739523 3681
1648	7743204 3776
1649	7746980 3830
1650	7750810 3858
1651	7754668 4062
1652	7758730 3879
1654	7762609 3828
1656	7766437 3765
1657	7770202 3804
1658	7774006 3822
1662	7777828 637
1663	7778465 5828
1664	7784293 693
1665	7784986 2813
1666	7787799 2876
1667	7790675 1101
1668	7791776 1284
1669	7793060 7589
1670	7800649 1493
1671	7802142 2305
1672	7804447 2105
1673	7806552 1466
1674	7808018 992
1675	7809010 1711
1676	7810721 2631
1677	7813352 1918
1678	7815270 17049
1679	7832319 1555
1680	7833874 4856
1681	7838730 2117
1682	7840847 2828
1683	7843675 6288
1684	7849963 542
1685	7850505 4042
1686	7854547 2050
1687	7856597 1221
1688	7857818 4667
1689	7862485 862
1690	7863347 2126
1691	7865473 1904
1692	7867377 4191
1693	7871568 4704
1694	7876272 9246
1695	7885518 4139
1696	7889657 2715
1697	7892372 853
1698	7893225 818
1699	7894043 917
1700	7894960 1061
1701	7896021 6366
1702	7902387 3594
1703	7905981 6871
1704	7912852 10193
1705	7923045 2189
1706	7925234 3686
1707	7928920 2347
1708	7931267 3719
1709	7934986 2958
1710	7937944 3785
1711	7941729 1633
1712	7943362 10150
1713	7953512 2155
1714	7955667 4998
1715	7960665 2431
1716	7963096 1525
1717	7964621 7969
1718	7972590 6806
1719	7979396 4464
1720	7983860 9629
1721	7993489 6424
1722	7999913 5749
1723	8005662 2889
1724	8008551 5694
1725	8014245 10462
1726	8024707 4327
1727	8029034 6177
1728	8035211 4651
1729	8039862 2288
1730	8042150 3443
1731	8045593 8918
1732	8054511 1819
1733	8056330 5754
1734	8062084 4061
1735	8066145 4066
1736	8070211 2624
1737	8072835 380
1738	8073215 1869
1739	8075084 7416
1740	8082500 4462
1741	8086962 2442
1742	8089404 1756
1743	8091160 3100
1744	8094260 3539
1745	8097799 2805
1746	8100604 5252
1747	8105856 1189
1748	8107045 1175
1749	8108220 3127
1750	8111347 7634
1751	8118981 7667
1752	8126648 1202
1753	8127850 6049
1754	8133899 1705
1755	8135604 2342
1756	8137946 4851
1757	8142797 1736
1758	8144533 3370
1759	8147903 1940
1760	8149843 1184
1761	8151027 2654
1762	8153681 683
1763	8154364 2813
1764	8157177 5223
1766	8162400 1669
1767	8164069 2847
1768	8166916 4175
1769	8171091 1264
1770	8172355 1124
1771	8173479 1631
1772	8175110 1195
1773	8176305 1675
1774	8177980 837
1775	8178817 878
1776	8179695 3840
1777	8183535 843
1778	8184378 3127
1779	8187505 7858
1780	8195363 2560
1781	8197923 1519
1782	8199442 3174
1783	8202616 1171
1784	8203787 2712
1785	8206499 2364
1786	8208863 1359
1787	8210222 1042
1788	8211264 3685
1789	8214949 3085
1790	8218034 1477
1791	8219511 8366
1792	8227877 1476
1793	8229353 2069
1794	8231422 969
1795	8232391 1679
1796	8234070 1638
1797	8235708 927
1798	8236635 2440
1799	8239075 9659
1800	8248734 3972
1801	8252706 2006
1802	8254712 3126
1803	8257838 6329
1804	8264167 993
1805	8265160 6650
1806	8271810 947
1807	8272757 1157
1809	8273914 6322
1810	8280236 2854
1811	8283090 5088
1812	8288178 9079
1813	8297257 7364
1814	8304621 1841
1816	8306462 3610
1817	8310072 1519
1818	8311591 651
1819	8312242 3294
1821	8315536 2889
1822	8318425 2227
1823	8320652 5724
1825	8326376 4422
1826	8330798 702
1827	8331500 2563
1828	8334063 1548
1830	8335611 2527
1831	8338138 4371
1832	8342509 2936
1833	8345445 5441
1834	8350886 5875
1835	8356761 4474
1836	8361235 2771
1837	8364006 2077
1838	8366083 1079
1839	8367162 817
1840	8367979 2648
1841	8370627 5792
1842	8376419 957
1843	8377376 1817
1844	8379193 1744
1845	8380937 7482
1846	8388419 1216
1847	8389635 2236
1848	8391871 2441
1849	8394312 1403
1850	8395715 592
1851	8396307 5013
1852	8401320 6131
1853	8407451 11633
1854	8419084 1227
1855	8420311 2352
1857	8422663 1274
1858	8423937 2192
1859	8426129 2830
1860	8428959 5196
1861	8434155 2450
1862	8436605 3032
1863	8439637 20089
1864	8459726 2858
1865	8462584 1622
1866	8464206 2256
1867	8466462 1773
1868	8468235 1470
1869	8469705 7360
1870	8477065 4612
1871	8481677 12600
1872	8494277 2422
1873	8496699 1832
1874	8498531 1455
1875	8499986 3118
1876	8503104 1388
1877	8504492 3890
1879	8508382 1140
1880	8509522 1346
1881	8510868 2395
1882	8513263 1969
1883	8515232 2370
1884	8517602 3475
1886	8521077 980
1887	8522057 7329
1888	8529386 5219
1889	8534605 6579
1890	8541184 4443
1891	8545627 3708
1892	8549335 2759
1893	8552094 30932
1894	8583026 3971
1895	8586997 5296
1896	8592293 2854
1897	8595147 1974
1898	8597121 4752
1899	8601873 1235
1900	8603108 2571
1901	8605679 1307
1902	8606986 5529
1903	8612515 1252
1904	8613767 1968
1905	8615735 2676
1906	8618411 2432
1907	8620843 1228
1908	8622071 1151
1909	8623222 6832
1910	8630054 3181
1911	8633235 2608
1912	8635843 5256
1913	8641099 1929
1914	8643028 2584
1915	8645612 4789
1916	8650401 4742
1917	8655143 4501
1918	8659644 3102
1919	8662746 7709
1920	8670455 5827
1921	8676282 3543
1922	8679825 3358
1923	8683183 2380
1924	8685563 3509
1925	8689072 2189
1926	8691261 2054
1927	8693315 9203
1928	8702518 5424
1929	8707942 7540
1930	8715482 5456
1931	8720938 4874
1932	8725812 8282
1933	8734094 11967
1934	8746061 6347
1935	8752408 1448
1936	8753856 1873
1937	8755729 991
1938	8756720 5315
1939	8762035 2968
1940	8765003 686
1941	8765689 4206
1942	8769895 831
1943	8770726 3164
1944	8773890 749
1945	8774639 936
1946	8775575 4244
1947	8779819 3686
1948	8783505 1291
1949	8784796 1823
1950	8786619 1164
1951	8787783 1652
1952	8789435 894
1953	8790329 2514
1954	8792843 4400
1955	8797243 4698
1956	8801941 1126
1957	8803067 2258
1958	8805325 972
1959	8806297 1988
1960	8808285 909
1961	8809194 1209
1962	8810403 1499
1963	8811902 570
1964	8812472 3981
1965	8816453 1464
1966	8817917 4827
1967	8822744 2498
1968	8825242 2082
1969	8827324 2504
1970	8829828 2255
1971	8832083 3500
1972	8835583 1688
1973	8837271 1138
1974	8838409 2622
1975	8841031 2041
1976	8843072 1911
1977	8844983 4306
1978	8849289 14612
1979	8863901 2138
1980	8866039 6601
1981	8872640 13744
1982	8886384 9075
1983	8895459 3719
1984	8899178 4620
1985	8903798 3653
1986	8907451 5685
1987	8913136 1704
1989	8914840 4000
1990	8918840 1905
1991	8920745 9777
1992	8930522 6500
1993	8937022 2466
1994	8939488 4542
1995	8944030 7564
1996	8951594 2099
1997	8953693 3718
1998	8957411 4326
1999	8961737 1099
2000	8962836 2227
2001	8965063 3144
2002	8968207 5177
2003	8973384 5568
2004	8978952 4702
2005	8983654 5539
2006	8989193 1881
2007	8991074 3885
2008	8994959 6083
2009	9001042 2466
2010	9003508 4438
2011	9007946 975
2012	9008921 792
2013	9009713 4176
2014	9013889 2673
2015	9016562 2962
2016	9019524 1256
2017	9020780 1949
2018	9022729 2322
2019	9025051 2740
2020	9027791 2308
2021	9030099 1295
2022	9031394 4703
2023	9036097 4584
2024	9040681 3581
2025	9044262 3134
2026	9047396 4108
2027	9051504 4507
2028	9056011 2777
2029	9058788 3825
2030	9062613 2312
2031	9064925 1743
2032	9066668 2301
2033	9068969 20502
2034	9089471 3314
2035	9092785 4086
2036	9096871 1921
2037	9098792 8736
2038	9107528 2680
2039	9110208 5319
2040	9115527 5351
2041	9120878 3691
2042	9124569 4172
2043	9128741 5934
2044	9134675 3031
2045	9137706 5464
2046	9143170 1740
2047	9144910 2623
2048	9147533 5034
2049	9152567 4791
2050	9157358 3314
2051	9160672 5422
2052	9166094 5493
2053	9171587 4280
2054	9175867 2540
2055	9178407 4414
2056	9182821 7402
2058	9190223 4733
2060	9194956 904
2061	9195860 795
2062	9196655 2236
2063	9198891 1781
2064	9200672 939
2065	9201611 1841
2066	9203452 12139
2067	9215591 4437
2069	9220028 6890
2070	9226918 9983
2071	9236901 1118
2072	9238019 9947
2073	9247966 3382
2074	9251348 1404
2075	9252752 3518
2076	9256270 5368
2077	9261638 4668
2078	9266306 5543
2081	9271849 783
2082	9272632 2581
2083	9275213 3942
2085	9279155 5171
2087	9284326 1316
2088	9285642 9375
2089	9295017 3290
2090	9298307 596
2091	9298903 1549
2092	9300452 3321
2093	9303773 1883
2094	9305656 3278
2095	9308934 5114
2096	9314048 2133
2097	9316181 5833
2098	9322014 2303
2099	9324317 4218
2100	9328535 4919
2101	9333454 3239
2102	9336693 3742
2103	9340435 4255
2104	9344690 3612
2105	9348302 14612
2106	9362914 3059
2107	9365973 4827
2109	9370800 2628
2110	9373428 2731
2111	9376159 3577
2112	9379736 3475
2113	9383211 19802
2114	9403013 4005
2115	9407018 1259
2116	9408277 4179
2117	9412456 3681
2118	9416137 5354
2119	9421491 4326
2120	9425817 3800
2121	9429617 4378
2122	9433995 3075
2123	9437070 1695
2124	9438765 4310
2125	9443075 3742
2126	9446817 3184
2127	9450001 4003
2128	9454004 4165
2129	9458169 3549
2130	9461718 3649
2131	9465367 3811
2132	9469178 4010
2133	9473188 3477
2134	9476665 4316
2135	9480981 10517
2136	9491498 3769
2137	9495267 4725
2138	9499992 3509
2139	9503501 4027
2140	9507528 4782
2141	9512310 4191
2142	9516501 3957
2143	9520458 3484
2144	9523942 2851
2145	9526793 3096
2146	9529889 3138
2147	9533027 4067
2148	9537094 3273
2149	9540367 19362
2150	9559729 4360
2151	9564089 3413
2152	9567502 1559
2153	9569061 3459
2154	9572520 3521
2155	9576041 19547
2156	9595588 4679
2157	9600267 1516
2158	9601783 3419
2159	9605202 4854
2160	9610056 4152
2161	9614208 3348
2162	9617556 1232
2163	9618788 3459
2164	9622247 5451
2165	9627698 3781
2166	9631479 5071
2167	9636550 3177
2168	9639727 3295
2169	9643022 3644
2170	9646666 3736
2171	9650402 3486
2172	9653888 2742
2173	9656630 3244
2174	9659874 3652
2175	9663526 3201
2176	9666727 3556
2177	9670283 18945
2178	9689228 4522
2179	9693750 3787
2180	9697537 3627
2181	9701164 1600
2182	9702764 4335
2183	9707099 1244
2184	9708343 938
2185	9709281 2966
2186	9712247 4077
2187	9716324 3555
2188	9719879 2854
2189	9722733 3534
2190	9726267 2618
2191	9728885 1115
2192	9730000 4228
2193	9734228 19820
2194	9754048 3833
2195	9757881 4828
2196	9762709 3335
2197	9766044 4821
2198	9770865 3321
2200	9774186 3653
2201	9777839 8083
2202	9785922 11547
2203	9797469 2045
2204	9799514 3605
2205	9803119 5167
2206	9808286 5332
2207	9813618 5160
2208	9818778 6338
2209	9825116 1031
2210	9826147 7196
2211	9833343 2941
2212	9836284 9533
2213	9845817 4217
2214	9850034 6422
2215	9856456 2883
2216	9859339 1592
2217	9860931 2919
2218	9863850 3399
2219	9867249 1770
2220	9869019 5552
2221	9874571 9070
2223	9883641 2291
2224	9885932 8418
2225	9894350 6796
2226	9901146 6458
2227	9907604 3687
2228	9911291 3380
2229	9914671 2886
2230	9917557 3412
2231	9920969 468
2232	9921437 2166
2233	9923603 3924
2234	9927527 3613
2235	9931140 2908
2236	9934048 3577
2237	9937625 2694
2238	9940319 6559
2239	9946878 9420
2240	9956298 8437
2241	9964735 10524
2242	9975259 9691
2243	9984950 10273
2244	9995223 7955
2245	10003178 5471
2246	10008649 6241
2247	10014890 7490
2248	10022380 3548
2249	10025928 3987
2250	10029915 2368
2251	10032283 1555
2252	10033838 1660
2253	10035498 3149
2254	10038647 3511
2255	10042158 7597
2256	10049755 6339
2257	10056094 5934
2258	10062028 3570
2259	10065598 4591
2260	10070189 3481
2261	10073670 11601
2262	10085271 5149
2263	10090420 6638
2264	10097058 4803
2265	10101861 1068
2266	10102929 4164
2267	10107093 3655
2268	10110748 3440
2269	10114188 4309
2270	10118497 4902
2271	10123399 4555
2272	10127954 7983
2273	10135937 2243
2274	10138180 5535
2275	10143715 4375
2276	10148090 6529
2277	10154619 4787
2278	10159406 2165
2279	10161571 2141
2280	10163712 1491
2281	10165203 3311
2282	10168514 4593
2283	10173107 4132
2284	10177239 6233
2285	10183472 8575
2286	10192047 1851
2287	10193898 5778
2288	10199676 7272
2289	10206948 1283
2290	10208231 3418
2291	10211649 4105
2292	10215754 1624
2293	10217378 7292
2294	10224670 2752
2295	10227422 10137
2296	10237559 4290
2297	10241849 5802
2298	10247651 812
2299	10248463 3754
2300	10252217 1973
2301	10254190 1623
2303	10255813 2820
2304	10258633 947
2305	10259580 1124
2306	10260704 15577
2307	10276281 6432
2308	10282713 13963
2309	10296676 736
2310	10297412 2769
2311	10300181 2051
2312	10302232 2608
2313	10304840 2784
2314	10307624 1777
2315	10309401 20063
2316	10329464 9038
2317	10338502 3571
2318	10342073 3553
2319	10345626 3394
2321	10349020 3361
2322	10352381 429
2323	10352810 2546
2324	10355356 2908
2326	10358264 1806
2327	10360070 4107
2329	10364177 2968
2330	10367145 928
2331	10368073 687
2332	10368760 20149
2333	10388909 3845
2335	10392754 28635
2336	10421389 4213
2337	10425602 7400
2338	10433002 9330
2339	10442332 30311
2340	10472643 19682
2341	10492325 949
2342	10493274 615
2343	10493889 2323
2344	10496212 1613
2345	10497825 4964
2346	10502789 3314
2347	10506103 4047
2348	10510150 2499
2349	10512649 4590
2350	10517239 1143
2351	10518382 2002
2352	10520384 668
2353	10521052 420
2354	10521472 9918
2355	10531390 2299
2356	10533689 852
2357	10534541 30451
2358	10564992 3541
2359	10568533 930
2360	10569463 2584
2361	10572047 3122
2362	10575169 329
2363	10575498 7213
2364	10582711 19030
2365	10601741 5701
2366	10607442 1301
2367	10608743 2178
2368	10610921 2346
2369	10613267 2607
2371	10615874 1243
2372	10617117 8998
2373	10626115 3646
2375	10629761 2357
2376	10632118 22094
2377	10654212 851
2378	10655063 394
2379	10655457 1150
2380	10656607 3843
2381	10660450 1134
2382	10661584 3537
2383	10665121 3249
2384	10668370 1576
2385	10669946 1345
2386	10671291 2015
2387	10673306 2156
2388	10675462 1282
2389	10676744 1312
2390	10678056 3894
2391	10681950 551
2392	10682501 6469
2393	10688970 2573
2394	10691543 3671
2395	10695214 819
2396	10696033 1270
2397	10697303 2416
2398	10699719 688
2399	10700407 787
2400	10701194 5016
2404	10706210 1108
2405	10707318 1329
2410	10708647 6218
2411	10714865 9216
2412	10724081 11709
2413	10735790 2085
2414	10737875 6514
2415	10744389 5829
2417	10750218 7720
2425	10757938 5990
2426	10763928 1235
2427	10765163 4947
2428	10770110 9994
2429	10780104 5516
2430	10785620 3049
2431	10788669 2002
2432	10790671 1966
2433	10792637 2329
2434	10794966 1832
2435	10796798 1426
2436	10798224 1506
2437	10799730 1571
2438	10801301 1645
2439	10802946 3467
2440	10806413 2557
2441	10808970 15285
2443	10824255 7980
2446	10832235 6162
2447	10838397 2562
2449	10840959 2767
2451	10843726 1390
2453	10845116 1938
2454	10847054 4983
2455	10852037 1408
2456	10853445 1704
2457	10855149 1842
2458	10856991 2882
2459	10859873 8175
2460	10868048 7526
2461	10875574 3497
2462	10879071 9757
2463	10888828 1651
2464	10890479 958
2467	10891437 3768
2468	10895205 1031
2469	10896236 15099
2471	10911335 6516
2472	10917851 3493
2473	10921344 3504
2474	10924848 1222
2475	10926070 4799
2476	10930869 768
2477	10931637 505
2478	10932142 7797
2479	10939939 2865
2481	10942804 2741
2482	10945545 1219
2483	10946764 999
2488	10947763 11869
2489	10959632 5363
2490	10964995 5906
2491	10970901 1772
2493	10972673 22677
2494	10995350 1513
2495	10996863 6627
2496	11003490 6420
2501	11009910 7407
2502	11017317 1300
2503	11018617 1078
2504	11019695 9080
2505	11028775 11269
2506	11040044 9254
2507	11049298 16009
2508	11065307 8756
2509	11074063 8448
2510	11082511 7383
2511	11089894 11294
2512	11101188 19507
2513	11120695 13557
2514	11134252 5485
2515	11139737 493
2516	11140230 833
2517	11141063 3197
2518	11144260 7343
2519	11151603 540
2520	11152143 1538
2521	11153681 3460
2522	11157141 2104
2523	11159245 9170
2524	11168415 8024
2525	11176439 8567
2526	11185006 4692
2527	11189698 2690
2528	11192388 4084
2529	11196472 5081
2530	11201553 7153
2531	11208706 3408
2532	11212114 2835
2533	11214949 680
2534	11215629 1053
2535	11216682 1641
2536	11218323 6679
2537	11225002 1349
2538	11226351 11452
2539	11237803 6349
2540	11244152 4440
2541	11248592 25807
2542	11274399 3751
2543	11278150 5144
2544	11283294 8407
2545	11291701 9774
2546	11301475 4634
2547	11306109 6374
2548	11312483 9600
2549	11322083 12848
2550	11334931 4693
2551	11339624 10961
2552	11350585 6275
2553	11356860 5112
2554	11361972 1758
2555	11363730 3817
2556	11367547 4768
2557	11372315 3711
2558	11376026 10719
2559	11386745 9917
2560	11396662 6851
2561	11403513 6112
2562	11409625 6590
2563	11416215 5808
2564	11422023 4101
2565	11426124 3910
2566	11430034 3506
2567	11433540 3845
2568	11437385 3335
2569	11440720 12279
2570	11452999 12846
2571	11465845 4232
2572	11470077 2864
2573	11472941 5575
2574	11478516 15921
2575	11494437 4296
2576	11498733 720
2577	11499453 1205
2578	11500658 4413
2579	11505071 4387
2580	11509458 2092
2581	11511550 13041
2582	11524591 6710
2583	11531301 8837
2584	11540138 7750
2585	11547888 10701
2587	11558589 7008
2588	11565597 8951
2589	11574548 2345
2590	11576893 8167
2591	11585060 8299
2592	11593359 3900
2593	11597259 5760
2594	11603019 10271
2595	11613290 2550
2596	11615840 13747
2597	11629587 4690
2598	11634277 532
2599	11634809 1536
2600	11636345 3091
2601	11639436 1959
2602	11641395 1565
2603	11642960 2564
2604	11645524 2011
2605	11647535 3756
2606	11651291 946
2607	11652237 1211
2608	11653448 1930
2609	11655378 1442
2610	11656820 3815
2611	11660635 5722
2612	11666357 2244
2613	11668601 2906
2614	11671507 1508
2615	11673015 5754
2616	11678769 2662
2617	11681431 1291
2618	11682722 1269
2619	11683991 1338
2620	11685329 7959
2621	11693288 1716
2622	11695004 2834
2623	11697838 1246
2624	11699084 1434
2625	11700518 5128
2626	11705646 3045
2627	11708691 1300
2628	11709991 2792
2629	11712783 1447
2630	11714230 933
2631	11715163 2779
2632	11717942 1498
2633	11719440 911
2634	11720351 3004
2635	11723355 1226
2636	11724581 8783
2637	11733364 2612
2638	11735976 1628
2639	11737604 2238
2640	11739842 1994
2641	11741836 6257
2642	11748093 2082
2643	11750175 1570
2644	11751745 3151
2645	11754896 4063
2646	11758959 2687
2647	11761646 2886
2648	11764532 1040
2649	11765572 1422
2650	11766994 5509
2651	11772503 1650
2652	11774153 3622
2653	11777775 2084
2654	11779859 5812
2655	11785671 6784
2656	11792455 1224
2657	11793679 1523
2658	11795202 360
2659	11795562 2202
2660	11797764 1745
2661	11799509 2949
2662	11802458 1223
2663	11803681 1963
2664	11805644 925
2665	11806569 1871
2666	11808440 2970
2667	11811410 6889
2668	11818299 2664
2669	11820963 1566
2670	11822529 1771
2671	11824300 1708
2672	11826008 963
2673	11826971 8962
2674	11835933 5613
2675	11841546 5671
2676	11847217 5488
2677	11852705 6745
2678	11859450 2076
2679	11861526 19459
2680	11880985 7683
2681	11888668 1822
2682	11890490 1240
2683	11891730 3038
2684	11894768 1860
2685	11896628 2695
2686	11899323 4177
2687	11903500 1415
2688	11904915 597
2689	11905512 6574
2690	11912086 2418
2691	11914504 1831
2692	11916335 3349
2693	11919684 1891
2694	11921575 13761
2695	11935336 544
2696	11935880 1642
2697	11937522 3033
2698	11940555 2370
2699	11942925 2834
2700	11945759 18376
2751	11964135 5003
2752	11969138 6548
2754	11975686 4243
2758	11979929 8653
2759	11988582 4044
2760	11992626 7540
2761	12000166 38576
2763	12038742 17880
2764	12056622 5299
2765	12061921 2777
2766	12064698 10549
2767	12075247 3791
2768	12079038 4736
2769	12083774 5416
2770	12089190 4834
2771	12094024 5254
2772	12099278 6734
2773	12106012 6493
2774	12112505 4687
2775	12117192 4158
2776	12121350 8961
2777	12130311 8413
2778	12138724 5491
2779	12144215 4280
2780	12148495 7452
2781	12155947 7913
2782	12163860 5656
2784	12169516 4473
2785	12173989 4968
2793	12178957 6341
2796	12185298 3489
2800	12188787 11924
2801	12200711 4252
2802	12204963 8227
2803	12213190 7871
2804	12221061 8011
2805	12229072 7318
2806	12236390 1637
2807	12238027 5260
2808	12243287 16457
2809	12259744 4616
2810	12264360 9457
2811	12273817 5317
2816	12279134 5563
2817	12284697 4121
2823	12288818 18439
2824	12307257 4816
2825	12312073 5372
2826	12317445 3407
2827	12320852 11483
2828	12332335 7885
2832	12340220 2135
2833	12342355 2879
2834	12345234 3674
2836	12348908 19785
2838	12368693 4306
2839	12372999 3530
2840	12376529 12573
2841	12389102 6793
2842	12395895 25795
2843	12421690 11236
2844	12432926 7103
2846	12440029 5956
2847	12445985 6360
2848	12452345 23599
2851	12475944 1485
2852	12477429 3270
2853	12480699 1209
2854	12481908 1785
2855	12483693 4562
2856	12488255 1088
2857	12489343 4229
2858	12493572 1832
2859	12495404 2154
2861	12497558 4964
2862	12502522 2638
2863	12505160 2608
2864	12507768 368
2865	12508136 1534
2866	12509670 1507
2867	12511177 2196
2868	12513373 1500
2869	12514873 1088
2870	12515961 2674
2871	12518635 1022
2872	12519657 336
2873	12519993 4584
2874	12524577 1291
2875	12525868 900
2876	12526768 3925
2877	12530693 1347
2878	12532040 3135
2879	12535175 2630
2880	12537805 543
2881	12538348 1296
2882	12539644 1245
2883	12540889 2505
2884	12543394 1204
2887	12544598 1342
2888	12545940 7422
2892	12553362 7016
2894	12560378 1667
2895	12562045 1601
2896	12563646 2044
2897	12565690 1349
2898	12567039 513
2899	12567552 1362
2900	12568914 2304
2901	12571218 4499
2902	12575717 1545
2903	12577262 11565
2904	12588827 2060
2905	12590887 823
2906	12591710 925
2907	12592635 1066
2908	12593701 1831
2909	12595532 722
2910	12596254 11578
2911	12607832 1789
2912	12609621 2971
2913	12612592 3752
2914	12616344 956
2915	12617300 2216
2916	12619516 1235
2917	12620751 4769
2918	12625520 317
2919	12625837 7062
2920	12632899 1049
2921	12633948 1788
2922	12635736 2573
2923	12638309 1491
2924	12639800 1252
2929	12641052 1659
2930	12642711 3002
2931	12645713 1326
2933	12647039 782
2936	12647821 6453
2937	12654274 2698
2938	12656972 450
2939	12657422 4249
2940	12661671 527
2941	12662198 1493
2942	12663691 2132
2943	12665823 2802
2944	12668625 3182
2945	12671807 1382
2946	12673189 1540
2947	12674729 1142
2948	12675871 1457
2949	12677328 2356
2950	12679684 597
2951	12680281 4000
2952	12684281 4002
2953	12688283 4227
2954	12692510 16828
2955	12709338 2030
2957	12711368 14347
2958	12725715 8874
2959	12734589 8081
2960	12742670 4812
2961	12747482 11429
2962	12758911 3409
2963	12762320 5008
2964	12767328 4588
2975	12771916 24371
2976	12796287 2038
2977	12798325 4973
2978	12803298 4955
2979	12808253 5058
2980	12813311 4195
2981	12817506 3992
2982	12821498 3350
2983	12824848 24001
2984	12848849 1980
2985	12850829 4697
2986	12855526 5355
2987	12860881 15739
2989	12876620 1881
2990	12878501 5113
2991	12883614 5656
2992	12889270 3262
2993	12892532 6462
2994	12898994 7351
3005	12906345 34056
3006	12940401 1963
3007	12942364 4441
3008	12946805 5781
3009	12952586 4169
3010	12956755 2270
3011	12959025 21478
3012	12980503 5185
3013	12985688 4803
3014	12990491 4385
3015	12994876 2210
3016	12997086 4537
3017	13001623 4302
3018	13005925 5647
3019	13011572 4340
3020	13015912 22552
3021	13038464 4713
3022	13043177 3927
3023	13047104 5098
3024	13052202 2145
3025	13054347 4588
3026	13058935 5422
3027	13064357 5551
3028	13069908 3140
3029	13073048 5171
3030	13078219 5607
3031	13083826 6217
3032	13090043 3479
3033	13093522 5250
3034	13098772 4751
3035	13103523 4830
3036	13108353 3792
3037	13112145 6854
3038	13118999 4838
3039	13123837 4476
3040	13128313 2300
3041	13130613 25044
3042	13155657 4783
3043	13160440 5088
3044	13165528 9501
3045	13175029 10306
3046	13185335 4186
3047	13189521 4337
3048	13193858 3932
3049	13197790 5935
3050	13203725 24239
3051	13227964 2334
3052	13230298 5158
3053	13235456 5171
3054	13240627 5473
3055	13246100 3990
3056	13250090 3314
3057	13253404 3877
3058	13257281 4624
3059	13261905 4903
3060	13266808 19098
3061	13285906 2341
3062	13288247 4722
3063	13292969 8033
3064	13301002 7920
3065	13308922 2856
3066	13311778 5073
3067	13316851 7579
3068	13324430 5105
3079	13329535 23901
3080	13353436 2319
3081	13355755 3826
3082	13359581 6753
3083	13366334 4754
3084	13371088 4977
3085	13376065 3501
3086	13379566 15597
3087	13395163 4811
3088	13399974 4034
3089	13404008 4101
3090	13408109 2160
3091	13410269 4608
3092	13414877 9073
3093	13423950 4153
3094	13428103 4543
3095	13432646 4600
3096	13437246 3025
3097	13440271 9024
3098	13449295 8264
3099	13457559 2374
3100	13459933 3782
3101	13463715 5230
3102	13468945 5204
3103	13474149 4906
3104	13479055 19078
3105	13498133 4776
3106	13502909 6407
3107	13509316 2729
3108	13512045 3433
3109	13515478 5209
3110	13520687 2808
3111	13523495 11018
3112	13534513 4479
3123	13538992 22479
3124	13561471 2547
3125	13564018 4499
3126	13568517 4390
3127	13572907 5278
3128	13578185 2587
3129	13580772 4380
3130	13585152 3725
3131	13588877 4355
3132	13593232 6257
3133	13599489 27019
3134	13626508 2536
3135	13629044 5350
3138	13634394 5173
3139	13639567 16057
3140	13655624 2178
3141	13657802 2543
3142	13660345 4111
3143	13664456 3193
3144	13667649 4202
3145	13671851 3625
3146	13675476 10993
3147	13686469 10440
3148	13696909 5482
3149	13702391 13149
3159	13715540 6730
3160	13722270 4966
3161	13727236 32164
3162	13759400 2271
3163	13761671 13213
3164	13774884 11111
3165	13785995 7217
3166	13793212 3640
3167	13796852 12623
3168	13809475 4464
3169	13813939 2958
3170	13816897 8505
3171	13825402 2727
3172	13828129 3303
3173	13831432 2298
3174	13833730 4462
3175	13838192 16520
3176	13854712 2344
3177	13857056 4315
3178	13861371 7330
3179	13868701 4375
3180	13873076 1988
3181	13875064 5661
3182	13880725 21932
3183	13902657 2337
3184	13904994 1962
3185	13906956 2479
3186	13909435 2848
3187	13912283 18706
3188	13930989 4334
3189	13935323 6594
3190	13941917 9954
3191	13951871 4697
3192	13956568 4517
3193	13961085 3863
3194	13964948 1960
3195	13966908 6818
3196	13973726 2770
3197	13976496 5098
3198	13981594 3351
3199	13984945 7252
3200	13992197 3656
3201	13995853 4931
3202	14000784 7091
3203	14007875 4681
3204	14012556 5752
3205	14018308 4429
3206	14022737 2238
3207	14024975 22689
3208	14047664 4677
3209	14052341 3852
3210	14056193 13559
3211	14069752 2104
3212	14071856 2099
3213	14073955 2194
3214	14076149 3032
3215	14079181 1758
3216	14080939 19700
3217	14100639 4528
3218	14105167 3839
3219	14109006 4790
3220	14113796 2723
3221	14116519 2524
3222	14119043 2290
3223	14121333 2997
3224	14124330 2425
3225	14126755 3020
3226	14129775 23022
3227	14152797 4551
3228	14157348 7369
3229	14164717 2295
3230	14167012 4116
3231	14171128 2026
3232	14173154 2073
3233	14175227 3850
3234	14179077 6204
3235	14185281 5899
3236	14191180 4437
3237	14195617 4795
3238	14200412 5379
3239	14205791 3910
3240	14209701 4887
3241	14214588 4610
3242	14219198 24797
3243	14243995 2292
3244	14246287 4166
3245	14250453 4166
3246	14254619 4680
3247	14259299 2709
3248	14262008 2292
3249	14264300 2482
3250	14266782 2482
3251	14269264 2916
3252	14272180 16880
3253	14289060 4527
3254	14293587 4530
3255	14298117 2149
3256	14300266 8405
3257	14308671 2452
3258	14311123 2936
3259	14314059 2850
3260	14316909 2910
3261	14319819 20732
3262	14340551 5481
3263	14346032 4216
3264	14350248 10194
3265	14360442 10972
3266	14371414 2335
3267	14373749 4589
3268	14378338 2921
3269	14381259 5275
3270	14386534 4102
3271	14390636 6672
3272	14397308 6880
3273	14404188 3527
3274	14407715 4270
3275	14411985 3222
3276	14415207 4831
3277	14420038 2005
3278	14422043 5173
3279	14427216 24044
3280	14451260 2247
3281	14453507 4038
3282	14457545 4307
3284	14461852 2467
3285	14464319 15657
3286	14479976 2308
3287	14482284 3204
3288	14485488 4256
3289	14489744 2747
3290	14492491 2542
3291	14495033 21517
3292	14516550 4224
3293	14520774 16592
3294	14537366 4081
3295	14541447 2307
3296	14543754 4299
3297	14548053 17194
3298	14565247 4646
3299	14569893 2147
3300	14572040 13067
3301	14585107 9830
3302	14594937 5308
3303	14600245 5613
3304	14605858 3050
3305	14608908 4300
3306	14613208 9047
3307	14622255 5656
3308	14627911 5218
3309	14633129 7152
3310	14640281 6887
3311	14647168 6698
3312	14653866 5249
3313	14659115 29564
3314	14688679 3339
3315	14692018 3985
3316	14696003 5566
3317	14701569 2718
3318	14704287 7672
3319	14711959 1988
3320	14713947 2366
3321	14716313 3067
3322	14719380 4436
3323	14723816 3091
3324	14726907 2710
3325	14729617 3864
3326	14733481 2981
3327	14736462 21314
3328	14757776 5765
3329	14763541 7474
3330	14771015 4225
3331	14775240 4703
3332	14779943 1996
3333	14781939 6257
3334	14788196 2926
3335	14791122 2535
3336	14793657 2272
3337	14795929 3136
3338	14799065 13921
3339	14812986 4280
3340	14817266 4711
3341	14821977 1884
3342	14823861 4552
3343	14828413 5683
3344	14834096 2337
3345	14836433 2485
3346	14838918 4689
3347	14843607 3638
3348	14847245 9191
3349	14856436 7573
3350	14864009 4211
3351	14868220 5337
3352	14873557 3056
3353	14876613 16023
3354	14892636 5044
3355	14897680 6082
3356	14903762 4421
3357	14908183 2323
3358	14910506 2745
3359	14913251 2069
3360	14915320 2921
3361	14918241 2533
3362	14920774 13061
3363	14933835 4783
3364	14938618 4882
3365	14943500 7361
3366	14950861 2087
3367	14952948 6278
3368	14959226 12428
3369	14971654 5940
3370	14977594 5309
3371	14982903 2286
3372	14985189 7452
3373	14992641 2304
3374	14994945 3219
3375	14998164 2527
3376	15000691 2792
3377	15003483 17576
3378	15021059 4142
3379	15025201 5299
3380	15030500 2406
3381	15032906 2388
3382	15035294 6513
3383	15041807 7267
3384	15049074 4700
3385	15053774 3685
3386	15057459 1923
3387	15059382 4109
3388	15063491 4551
3389	15068042 2749
3390	15070791 4429
3391	15075220 5211
3392	15080431 2214
3393	15082645 22520
3395	15105165 4019
3396	15109184 3747
3397	15112931 4161
3398	15117092 2820
3399	15119912 2506
3400	15122418 17066
3401	15139484 5116
3402	15144600 3375
3403	15147975 2225
3404	15150200 1635
3405	15151835 2582
3406	15154417 3580
3407	15157997 14629
3408	15172626 3868
3409	15176494 12991
3410	15189485 4660
3411	15194145 3478
3412	15197623 2165
3413	15199788 5358
3414	15205146 1996
3415	15207142 2522
3416	15209664 3126
3417	15212790 15003
3418	15227793 3779
3419	15231572 4663
3420	15236235 3594
3421	15239829 2535
3422	15242364 2833
3423	15245197 4712
3424	15249909 8315
3425	15258224 6764
3426	15264988 9476
3427	15274464 3602
3428	15278066 3825
3429	15281891 3988
3430	15285879 2300
3431	15288179 7751
3432	15295930 21643
3433	15317573 9839
3434	15327412 7088
3435	15334500 5226
3436	15339726 5235
3437	15344961 6086
3438	15351047 5960
3439	15357007 6032
3440	15363039 3620
3441	15366659 4395
3442	15371054 4795
3443	15375849 4742
3444	15380591 5077
3445	15385668 4806
3446	15390474 2530
3447	15393004 2332
3448	15395336 4731
3449	15400067 21948
3450	15422015 1487
3451	15423502 2146
3452	15425648 1008
3453	15426656 5445
3454	15432101 1977
3455	15434078 1507
3456	15435585 1862
3457	15437447 1176
3458	15438623 1183
3459	15439806 6964
3460	15446770 3762
3461	15450532 1028
3462	15451560 2478
3463	15454038 2237
3464	15456275 3228
3465	15459503 2593
3466	15462096 30048
3467	15492144 1102
3468	15493246 1752
3469	15494998 5115
3470	15500113 1256
3471	15501369 1656
3472	15503025 1737
3473	15504762 2416
3474	15507178 1684
3475	15508862 1588
3476	15510450 2645
3477	15513095 3228
3478	15516323 4670
3479	15520993 1790
3480	15522783 961
3481	15523744 1500
3482	15525244 2060
3483	15527304 1534
3484	15528838 1806
3485	15530644 1294
3486	15531938 1913
3487	15533851 1629
3488	15535480 866
3489	15536346 2724
3490	15539070 1881
3491	15540951 6161
3492	15547112 2735
3493	15549847 1410
3494	15551257 1212
3495	15552469 2694
3496	15555163 1463
3497	15556626 2323
3498	15558949 1474
3499	15560423 1346
3500	15561769 2198
3501	15563967 1527
3502	15565494 1722
3503	15567216 5226
3504	15572442 2594
3505	15575036 5616
3506	15580652 1682
3507	15582334 1304
3508	15583638 2977
3509	15586615 1609
3510	15588224 2797
3511	15591021 1301
3512	15592322 868
3513	15593190 1615
3514	15594805 4003
3515	15598808 3244
3516	15602052 2993
3517	15605045 3365
3518	15608410 2720
3519	15611130 1415
3520	15612545 1378
3521	15613923 892
3522	15614815 2173
3523	15616988 1635
3524	15618623 1098
3525	15619721 3332
3526	15623053 3209
3527	15626262 3786
3528	15630048 1762
3529	15631810 4880
3530	15636690 3872
3532	15640562 1793
3533	15642355 977
3534	15643332 1278
3535	15644610 993
3536	15645603 1170
3537	15646773 5094
3538	15651867 2289
3539	15654156 1863
3540	15656019 1137
3541	15657156 1300
3542	15658456 1246
3543	15659702 4191
3544	15663893 1514
3545	15665407 2697
3546	15668104 2149
3547	15670253 1107
3548	15671360 1842
3549	15673202 5007
3550	15678209 2346
3551	15680555 3692
3552	15684247 2011
3553	15686258 3227
3554	15689485 2872
3555	15692357 7588
3556	15699945 421
3557	15700366 523
3558	15700889 11271
3559	15712160 4502
3560	15716662 3687
3561	15720349 9037
3562	15729386 3418
3563	15732804 2062
3564	15734866 2012
3565	15736878 7142
3566	15744020 6475
3567	15750495 3701
3568	15754196 2257
3569	15756453 14980
3570	15771433 6425
3571	15777858 1339
3572	15779197 1986
3573	15781183 2948
3574	15784131 2595
3575	15786726 2147
3576	15788873 1599
3577	15790472 751
3578	15791223 1401
3579	15792624 745
3580	15793369 397
3581	15793766 3998
3583	15797764 3073
3584	15800837 4175
3585	15805012 7618
3586	15812630 5448
3587	15818078 1366
3589	15819444 1183
3590	15820627 939
3591	15821566 1869
3592	15823435 2430
3593	15825865 5507
3594	15831372 2521
3595	15833893 8111
3596	15842004 2481
3597	15844485 926
3598	15845411 857
3599	15846268 1653
3600	15847921 2249
3601	15850170 7297
3602	15857467 1651
3603	15859118 4779
3604	15863897 2467
3605	15866364 3648
3606	15870012 2703
3607	15872715 6979
3608	15879694 2314
3609	15882008 3033
3610	15885041 4615
3611	15889656 2533
3612	15892189 2895
3613	15895084 1916
3614	15897000 1285
3615	15898285 4748
3616	15903033 1645
3617	15904678 1014
3618	15905692 1613
3619	15907305 1811
3620	15909116 4620
3621	15913736 1684
3622	15915420 2696
3623	15918116 9360
3624	15927476 1888
3625	15929364 2645
3626	15932009 9101
3627	15941110 3562
3628	15944672 6169
3629	15950841 3380
3630	15954221 2967
3631	15957188 7893
3632	15965081 1745
3633	15966826 2212
3634	15969038 1658
3635	15970696 974
3637	15971670 1690
3638	15973360 1792
3639	15975152 15090
3640	15990242 7398
3641	15997640 3154
3642	16000794 1686
3643	16002480 1422
3644	16003902 7699
3645	16011601 2003
3646	16013604 2125
3647	16015729 1795
3648	16017524 1697
3649	16019221 2088
3650	16021309 1168
3651	16022477 2702
3652	16025179 734
3653	16025913 5959
3654	16031872 3335
3655	16035207 8952
3656	16044159 4024
3657	16048183 2050
3658	16050233 3431
3659	16053664 7597
3660	16061261 2641
3661	16063902 2738
3662	16066640 9669
3663	16076309 19346
3664	16095655 3117
3665	16098772 2754
3666	16101526 5377
3667	16106903 2262
3668	16109165 4268
3669	16113433 6597
3670	16120030 971
3671	16121001 4890
3672	16125891 8289
3673	16134180 5356
3674	16139536 6687
3675	16146223 931
3676	16147154 3796
3677	16150950 2960
3678	16153910 3595
3679	16157505 2551
3680	16160056 3711
3681	16163767 4697
3682	16168464 9641
3683	16178105 9648
3684	16187753 11540
3685	16199293 2164
3686	16201457 4807
3687	16206264 3029
3688	16209293 1659
3689	16210952 5797
3690	16216749 2042
3691	16218791 1934
3692	16220725 8403
3693	16229128 8806
3694	16237934 2769
3695	16240703 4504
3696	16245207 3159
3697	16248366 1955
3698	16250321 10660
3699	16260981 6293
3700	16267274 4894
3701	16272168 5317
3702	16277485 1331
3703	16278816 1867
3704	16280683 3616
3706	16284299 3715
3707	16288014 2544
3708	16290558 7699
3709	16298257 7016
3710	16305273 6499
3711	16311772 8813
3712	16320585 3164
3713	16323749 2824
3714	16326573 1857
3715	16328430 7074
3716	16335504 3425
3717	16338929 2664
3718	16341593 1176
3719	16342769 11650
3720	16354419 10854
3721	16365273 9915
3722	16375188 6950
3723	16382138 8950
3724	16391088 2306
3725	16393394 533
3726	16393927 2788
3727	16396715 636
3728	16397351 6386
3729	16403737 4313
3730	16408050 2335
3731	16410385 9206
3732	16419591 6534
3733	16426125 1575
3734	16427700 7427
3735	16435127 2746
3736	16437873 7697
3737	16445570 4488
3738	16450058 2953
3739	16453011 6323
3740	16459334 9267
3741	16468601 2987
3742	16471588 4399
3743	16475987 3911
3744	16479898 1729
3745	16481627 6531
3746	16488158 5488
3747	16493646 5247
3748	16498893 8043
3749	16506936 1851
3750	16508787 2833
3751	16511620 5675
3752	16517295 2559
3753	16519854 8589
3754	16528443 7412
3755	16535855 2426
3756	16538281 1470
3757	16539751 1650
3758	16541401 2683
3759	16544084 2591
3760	16546675 2262
3761	16548937 3073
3762	16552010 2079
3763	16554089 2997
3764	16557086 6965
3765	16564051 6371
3766	16570422 6903
3767	16577325 6782
3768	16584107 3954
3769	16588061 8135
3770	16596196 7796
3771	16603992 3126
3772	16607118 1809
3773	16608927 2993
3774	16611920 1625
3775	16613545 3035
3776	16616580 3446
3777	16620026 1870
3778	16621896 1537
3779	16623433 4781
3780	16628214 1754
3781	16629968 1528
3782	16631496 2474
3783	16633970 3625
3784	16637595 2073
3785	16639668 1468
3786	16641136 2821
3787	16643957 7827
3788	16651784 3342
3789	16655126 3635
3790	16658761 8884
3791	16667645 3743
3792	16671388 2834
3793	16674222 2211
3794	16676433 3577
3795	16680010 3504
3796	16683514 2080
3797	16685594 1609
3798	16687203 1803
3799	16689006 6369
3800	16695375 3208
3801	16698583 2244
3802	16700827 1869
3803	16702696 3431
3804	16706127 5513
3805	16711640 2014
3806	16713654 4159
3807	16717813 2723
3808	16720536 3766
3809	16724302 1755
3810	16726057 1546
3811	16727603 1555
3812	16729158 1627
3813	16730785 3657
3814	16734442 2742
3815	16737184 3969
3816	16741153 2388
3817	16743541 2402
3818	16745943 2596
3819	16748539 2379
3820	16750918 2541
3821	16753459 23260
3822	16776719 3221
3823	16779940 3623
3824	16783563 6325
3825	16789888 3094
3826	16792982 3302
3827	16796284 3415
3828	16799699 5242
3829	16804941 1617
3830	16806558 2594
3831	16809152 3424
3832	16812576 2455
3833	16815031 1083
3834	16816114 2366
3835	16818480 5086
3836	16823566 4230
3837	16827796 3021
3838	16830817 3780
3839	16834597 2642
3840	16837239 5423
3841	16842662 2530
3842	16845192 3792
3843	16848984 1102
3844	16850086 5317
3845	16855403 1445
3846	16856848 1217
3847	16858065 2047
3848	16860112 7446
3849	16867558 3332
3850	16870890 2540
3851	16873430 4329
3852	16877759 5473
3853	16883232 3029
3854	16886261 2761
3855	16889022 3754
3856	16892776 2136
3857	16894912 4020
3858	16898932 13151
3859	16912083 2527
3860	16914610 1931
3861	16916541 3635
3862	16920176 3878
3863	16924054 3888
3864	16927942 1909
3865	16929851 5451
3866	16935302 6889
3867	16942191 2521
3868	16944712 4595
3869	16949307 6989
3870	16956296 1516
3871	16957812 2497
3872	16960309 2686
3873	16962995 827
3874	16963822 5374
3875	16969196 282
3876	16969478 851
3877	16970329 3590
3878	16973919 5939
3879	16979858 1251
3880	16981109 1398
3881	16982507 3700
3883	16986207 2400
3884	16988607 2216
3886	16990823 4074
3888	16994897 2951
3889	16997848 1153
3890	16999001 1797
3891	17000798 2016
3892	17002814 3140
3893	17005954 7157
3894	17013111 8626
3895	17021737 3980
3896	17025717 4011
3897	17029728 4641
3898	17034369 3917
3899	17038286 4644
3900	17042930 1171
3901	17044101 4230
3902	17048331 2722
3903	17051053 1730
3905	17052783 4054
3906	17056837 3890
3907	17060727 2904
3908	17063631 1304
3909	17064935 3180
3910	17068115 7705
3911	17075820 19088
3912	17094908 2211
3913	17097119 3799
3914	17100918 1661
3915	17102579 4267
3917	17106846 8868
3918	17115714 3158
3923	17118872 8725
3924	17127597 5782
3925	17133379 2181
3926	17135560 4989
3927	17140549 1228
3928	17141777 3878
3930	17145655 1679
3931	17147334 3454
3932	17150788 2820
3933	17153608 6307
3935	17159915 1821
3936	17161736 6769
3937	17168505 3688
3938	17172193 10449
3939	17182642 6995
3940	17189637 4577
3941	17194214 3539
3942	17197753 6467
3943	17204220 9653
3944	17213873 1607
3945	17215480 2792
3947	17218272 4574
3948	17222846 8728
3949	17231574 1600
3950	17233174 4830
3951	17238004 9664
3952	17247668 2031
3953	17249699 1865
3954	17251564 2657
3955	17254221 3199
3956	17257420 9550
3957	17266970 3474
3958	17270444 8390
3960	17278834 1738
3961	17280572 1077
3963	17281649 1067
3964	17282716 1380
3965	17284096 5372
3966	17289468 5004
3967	17294472 2163
3968	17296635 1750
3969	17298385 4028
3970	17302413 2331
3971	17304744 2268
3974	17307012 1486
3975	17308498 4291
3976	17312789 1275
3977	17314064 1243
3978	17315307 1420
3979	17316727 1697
3980	17318424 5195
3981	17323619 2534
3982	17326153 1384
3983	17327537 3193
3984	17330730 10942
3990	17341672 7043
3991	17348715 1875
3992	17350590 7373
3993	17357963 3397
3994	17361360 1930
3995	17363290 12898
3997	17376188 4687
3998	17380875 1386
3999	17382261 2484
4000	17384745 2331
4001	17387076 2163
4003	17389239 1390
4005	17390629 1179
4006	17391808 681
4007	17392489 4769
4008	17397258 2050
4009	17399308 1304
4010	17400612 911
4011	17401523 7422
4012	17408945 3125
4013	17412070 1904
4014	17413974 2887
4015	17416861 980
4016	17417841 1330
4017	17419171 1365
4018	17420536 537
4019	17421073 3981
4020	17425054 4630
4021	17429684 4967
4022	17434651 3254
4023	17437905 2220
4024	17440125 869
4025	17440994 795
4026	17441789 1254
4027	17443043 5694
4028	17448737 1600
4029	17450337 777
4030	17451114 1694
4031	17452808 12988
4032	17465796 563
4033	17466359 1851
4034	17468210 2481
4035	17470691 2332
4036	17473023 2697
4037	17475720 1659
4038	17477379 631
4039	17478010 2170
4040	17480180 2206
4041	17482386 2210
4042	17484596 2333
4043	17486929 2145
4044	17489074 491
4045	17489565 2438
4046	17492003 1243
4047	17493246 3111
4048	17496357 1569
4049	17497926 716
4050	17498642 1054
4051	17499696 793
4052	17500489 1107
4053	17501596 2950
4054	17504546 4422
4055	17508968 9690
4056	17518658 2202
4057	17520860 3177
4058	17524037 2112
4059	17526149 2293
4060	17528442 27054
4061	17555496 1906
4062	17557402 1786
4063	17559188 5386
4064	17564574 5476
4065	17570050 2513
4066	17572563 3424
4067	17575987 4788
4068	17580775 3739
4069	17584514 3392
4070	17587906 15500
4071	17603406 4156
4072	17607562 3609
4073	17611171 10169
4074	17621340 1694
4075	17623034 1515
4076	17624549 5880
4077	17630429 10972
4078	17641401 5266
4079	17646667 3868
4080	17650535 2211
4081	17652746 1322
4082	17654068 680
4083	17654748 1546
4084	17656294 4665
4085	17660959 2751
4086	17663710 1967
4087	17665677 8807
4088	17674484 6287
4089	17680771 5207
4090	17685978 1988
4091	17687966 6490
4092	17694456 2984
4093	17697440 2954
4094	17700394 7526
4095	17707920 1712
4096	17709632 2132
4097	17711764 2607
4098	17714371 1714
4099	17716085 1616
4100	17717701 10933
4101	17728634 7630
4102	17736264 3396
4103	17739660 3053
4104	17742713 1915
4105	17744628 5590
4106	17750218 8201
4107	17758419 3223
4108	17761642 593
4109	17762235 3672
4110	17765907 5139
4111	17771046 6925
4112	17777971 937
4113	17778908 2379
4114	17781287 4384
4115	17785671 3568
4116	17789239 2921
4117	17792160 5642
4118	17797802 5104
4119	17802906 7370
4120	17810276 1140
4121	17811416 3955
4122	17815371 1363
4124	17816734 3309
4125	17820043 4398
4126	17824441 4892
4127	17829333 2361
4128	17831694 6095
4129	17837789 2295
4130	17840084 1724
4131	17841808 15328
4133	17857136 5409
4134	17862545 1387
4135	17863932 5712
4136	17869644 1409
4137	17871053 6580
4139	17877633 4625
4140	17882258 9784
4141	17892042 1747
4142	17893789 3493
4143	17897282 15722
4145	17913004 3925
4146	17916929 7912
4147	17924841 13795
4148	17938636 3813
4149	17942449 14107
4151	17956556 1040
4152	17957596 1096
4154	17958692 2171
4155	17960863 1942
4157	17962805 6217
4159	17969022 641
4161	17969663 3091
4162	17972754 1268
4163	17974022 2311
4164	17976333 1123
4165	17977456 3490
4166	17980946 4122
4167	17985068 4338
4168	17989406 6298
4169	17995704 3765
4170	17999469 722
4171	18000191 4287
4172	18004478 4091
4173	18008569 547
4174	18009116 1009
4175	18010125 1594
4176	18011719 3665
4177	18015384 3599
4178	18018983 4814
4179	18023797 2708
4180	18026505 2089
4181	18028594 3141
4182	18031735 812
4183	18032547 7192
4185	18039739 3158
4186	18042897 2395
4187	18045292 2684
4189	18047976 2560
4190	18050536 4081
4191	18054617 2052
4192	18056669 1872
4193	18058541 4446
4194	18062987 1433
4195	18064420 4435
4196	18068855 3892
4197	18072747 5691
4198	18078438 6675
4199	18085113 4541
4203	18089654 6454
4204	18096108 2549
4205	18098657 3458
4206	18102115 2723
4207	18104838 2287
4209	18107125 774
4210	18107899 9126
4211	18117025 6824
4212	18123849 2215
4213	18126064 2531
4214	18128595 2401
4216	18130996 1357
4218	18132353 2956
4219	18135309 10182
4220	18145491 1287
4221	18146778 3979
4222	18150757 1135
4223	18151892 467
4224	18152359 10806
4225	18163165 1846
4226	18165011 3374
4227	18168385 3353
4228	18171738 3593
4229	18175331 9703
4230	18185034 2195
4231	18187229 1122
4232	18188351 791
4233	18189142 1065
4234	18190207 1843
4235	18192050 8532
4236	18200582 3466
4237	18204048 6356
4238	18210404 4825
4239	18215229 5621
4240	18220850 1717
4241	18222567 5371
4242	18227938 1702
4243	18229640 1721
4244	18231361 6813
4245	18238174 2795
4246	18240969 1507
4247	18242476 2077
4248	18244553 2591
4249	18247144 2588
4250	18249732 3791
4251	18253523 8507
4252	18262030 4226
4254	18266256 12859
4255	18279115 4576
4256	18283691 2373
4257	18286064 2429
4258	18288493 661
4259	18289154 1378
4260	18290532 10084
4261	18300616 21763
4262	18322379 873
4263	18323252 3515
4265	18326767 1424
4266	18328191 1069
4267	18329260 5761
4268	18335021 1214
4269	18336235 912
4270	18337147 10822
4271	18347969 1357
4272	18349326 17727
4273	18367053 9475
4274	18376528 2845
4276	18379373 1357
4277	18380730 4600
4278	18385330 5957
4279	18391287 1061
4280	18392348 879
4281	18393227 2303
4282	18395530 8167
4283	18403697 3256
4284	18406953 1843
4285	18408796 531
4286	18409327 1549
4287	18410876 2277
4289	18413153 5935
4290	18419088 1331
4291	18420419 3169
4292	18423588 1241
4293	18424829 1315
4294	18426144 1105
4295	18427249 5537
4296	18432786 931
4297	18433717 4365
4298	18438082 344
4299	18438426 8876
4300	18447302 3591
4301	18450893 1607
4302	18452500 1339
4303	18453839 6396
4304	18460235 4073
4305	18464308 1251
4306	18465559 2944
4307	18468503 2657
4308	18471160 1780
4309	18472940 4111
4310	18477051 12817
4311	18489868 1475
4312	18491343 4030
4313	18495373 3580
4314	18498953 1365
4315	18500318 1088
4316	18501406 3959
4317	18505365 6873
4319	18512238 1584
4320	18513822 1518
4321	18515340 1453
4322	18516793 2431
4323	18519224 2158
4324	18521382 1747
4325	18523129 1764
4326	18524893 1155
4327	18526048 1636
4328	18527684 805
4329	18528489 7021
4330	18535510 8128
4331	18543638 1477
4332	18545115 1083
4333	18546198 4667
4334	18550865 2422
4335	18553287 1165
4336	18554452 6434
4337	18560886 1770
4338	18562656 7551
4339	18570207 2165
4340	18572372 6388
4341	18578760 3991
4342	18582751 1391
4343	18584142 8331
4344	18592473 6892
4345	18599365 9527
4346	18608892 3640
4347	18612532 2223
4348	18614755 3389
4349	18618144 4726
4350	18622870 1679
4351	18624549 425
4352	18624974 435
4353	18625409 451
4354	18625860 495
4355	18626355 465
4356	18626820 473
4357	18627293 497
4358	18627790 533
4359	18628323 481
4360	18628804 511
4361	18629315 487
4362	18629802 479
4363	18630281 495
4364	18630776 463
4365	18631239 531
